file: LJGP, epsilon: 0.1, r0: 1.01
# Creating pair table LJGP with 301 points from 0.01 to 3.01

LJGP
N 301 R 0.01 3.01 FPRIME  1.56002001837493e+30  -0.0124354487576205   

       1  0.01                   9.99999999998e+23      1.1999999999988e+27  
       2  0.02                   2.4414062496875e+20    1.46484374990625e+23 
       3  0.03                   1.88167642041544e+18   7.52670568714872e+20 
       4  0.04                   5.96046442871094e+16   1.7881393359375e+19  
       5  0.05                   4.095999872e+15        9.8303998464e+17     
       6  0.06                   459393615130842        9.18787273128624e+16 
       7  0.07                   72247598809289.4       1.23853041101399e+16 
       8  0.08                   14551907598972.3       2.18278671205044e+15 
       9  0.09                   3540702398119.3        472093903972763      
      10  0.1                    999998000000           119999880000000      
      11  0.11                   318629688762.497       34759663989428.4     
      12  0.12                   112155984988.662       11215631988663.9     
      13  0.13                   42921568065.5694       3962010022318.2      
      14  0.14                   17638312457.754        1511866737262.51     
      15  0.15                   7707171046.26853       616580707021.099     
      16  0.16                   3552594469.51095       266449055561.679     
      17  0.17                   1716295158.27708       121153170880.227     
      18  0.18                   864371412.814936       57626720933.9365     
      19  0.19                   451768476.15516        28534088336.9134     
      20  0.2                    244109375              14647500000          
      21  0.21                   135923316.066111       7767712896.09619     
      22  0.22                   77773087.1697535       4242649476.8133      
      23  0.23                   45618118.2261692       2380428174.51419     
      24  0.24                   27371530.2352538       1368838150.80698     
      25  0.25                   16769023.9999999       805109760.000002     
      26  0.26                   10472525.3571726       483496730.098621     
      27  0.27                   6657300.95579212       295994761.359291     
      28  0.28                   4302143.15402002       184466499.218257     
      29  0.29                   2822975.18579907       116882332.025157     
      30  0.3                    1878932.93893362       75212187.2418695     
      31  0.31                   1267325.32396199       49101370.833017      
      32  0.32                   865499.092838495       32491140.5780404     
      33  0.33                   598011.472053965       21774028.535166      
      34  0.34                   417742.939447726       14766715.4325157     
      35  0.35                   294838.252303539       10127391.1999319     
      36  0.36                   210123.745690001       7019437.97843694     
      37  0.37                   151128.026799511       4914090.16138752     
      38  0.38                   109641.171763429       3472840.87473125     
      39  0.39                   80196.8976777137       2476341.23152472     
      40  0.4                    59116.363516271        1780815.12478987     
      41  0.41                   43898.3409948535       1290991.10387225     
      42  0.42                   32825.7335048631       943083.286627332     
      43  0.43                   24708.8687586177       693964.53583562      
      44  0.44                   18716.2546382804       514201.792283254     
      45  0.45                   14261.8778158587       383528.138337147     
      46  0.46                   10929.4367819581       287869.190038905     
      47  0.47                   8420.9404616729        217371.363403569     
      48  0.48                   6521.53307579775       165082.386520101     
      49  0.49                   5075.22264254522       126060.501975885     
      50  0.5                    3967.99985003147       96768.0038241975     
      51  0.51                   3116.00751721722       74655.0137372541     
      52  0.52                   2457.18900853018       57871.6072600844     
      53  0.53                   1945.35124892395       45067.231078666      
      54  0.54                   1545.91584358836       35249.9449300924     
      55  0.55                   1232.85866211871       27686.9679120816     
      56  0.56                   986.491764222073       21833.9454336232     
      57  0.57                   791.84621474706        17284.3235956083     
      58  0.58                   637.486219312955       13732.8936774703     
      59  0.59                   514.63472276045        10949.3860028717     
      60  0.6                    416.525221169224       8759.23441398092     
      61  0.61                   337.91878850656        7029.48745594885     
      62  0.62                   274.742417389693       5658.4346688528      
      63  0.63                   223.81690186977        4567.92935566225     
      64  0.64                   182.651143281242       3697.67889662124     
      65  0.65                   149.285968582359       3000.97810998929     
      66  0.66                   122.175029172376       2441.50624071099     
      67  0.67                   100.093595876271       1990.91169113287     
      68  0.68                   82.0684329057175       1626.98288592003     
      69  0.69                   67.3236674030131       1332.25722938689     
      70  0.7                    55.2388471602142       1092.9589369922      
      71  0.71                   45.3163225107753       898.184798220109     
      72  0.72                   37.1557890309142       739.277618538892     
      73  0.73                   30.4343502980489       609.342297654263     
      74  0.74                   24.8908514171262       502.870731473828     
      75  0.75                   20.3135284555858       415.450052992628     
      76  0.76                   16.5302412581022       343.53492870548      
      77  0.77                   13.4007256483907       284.269263911253     
      78  0.78                   10.8104292636549       235.346150888285     
      79  0.79                   8.66559320002528       194.897516723816     
      80  0.8                    6.88931670258239       161.40691138374      
      81  0.81                   5.4183998548254        133.640382558426     
      82  0.82                   4.20080376275319       110.591531072435     
      83  0.83                   3.19360221099894       91.4377176538753     
      84  0.84                   2.36132554955306       75.5050645349594     
      85  0.85                   1.67461843451439       62.2404129968987     
      86  0.86                   1.10914935156757       51.1887975849692     
      87  0.87                   0.644722630870984      41.9753071795614     
      88  0.88                   0.264553708048158      34.2904434876795     
      89  0.89                  -0.0453236947421043     27.8782747978177     
      90  0.9                   -0.296543533671585      22.5268291793855     
      91  0.91                  -0.498806658403765      18.0602859875761     
      92  0.92                  -0.660209439123906      14.3326146621337     
      93  0.93                  -0.787514826053558      11.2223808407566     
      94  0.94                  -0.886376353899738      8.62849594703849     
      95  0.95                  -0.961523596305027      6.4667309036475      
      96  0.96                  -1.01691596537044       4.66684997591482     
      97  0.97                  -1.05587045751291       3.17024891884515     
      98  0.98                  -1.08116790532748       1.92800409873345     
      99  0.99                  -1.09514145521305       0.899257272246667    
     100  1                     -1.09975031223975       0.049875156119873    
     101  1.01                  -1.09664124524326      -0.648665465216473    
     102  1.02                  -1.08719990103047      -1.22020699852618     
     103  1.03                  -1.07259361654925      -1.68468703957703     
     104  1.04                  -1.05380712559956      -2.05878741038762     
     105  1.05                  -1.03167231901093      -2.35647764164839     
     106  1.06                  -1.0068930235837       -2.58947036226196     
     107  1.07                  -0.980065606919413     -2.76760288353401     
     108  1.08                  -0.951696085614566     -2.89915671380926     
     109  1.09                  -0.922214307551367     -2.99112469109691     
     110  1.1                   -0.891985690657009     -3.04943377909737     
     111  1.11                  -0.861320926871001     -3.07913025613105     
     112  1.12                  -0.830483998235147     -3.0845329710274      
     113  1.13                  -0.799698799677843     -3.06935949090917     
     114  1.14                  -0.769154618370111     -3.03682927850591     
     115  1.15                  -0.739010681054888     -2.98974747479751     
     116  1.16                  -0.709399947391452     -2.93057239700623     
     117  1.17                  -0.680432298274722     -2.86146946877513     
     118  1.18                  -0.652197242654073     -2.78435396047734     
     119  1.19                  -0.624766244118321     -2.70092461908881     
     120  1.2                   -0.598194749082485     -2.61268999876784     
     121  1.21                  -0.572523981543087     -2.52098905818552     
     122  1.22                  -0.54778255485459      -2.4270073642549      
     123  1.23                  -0.523987938646912     -2.33179003172325     
     124  1.24                  -0.501147808696746     -2.23625233311429     
     125  1.25                  -0.479261299132212     -2.14118873375295     
     126  1.26                  -0.458320169636127     -2.04728094269754     
     127  1.27                  -0.43830989515514      -1.95510542322668     
     128  1.28                  -0.419210681848434     -1.86514067694072     
     129  1.29                  -0.40099841044128      -1.77777450415852     
     130  1.3                   -0.383645506602014     -1.69331135035617     
     131  1.31                  -0.367121737252014     -1.61197977367366     
     132  1.32                  -0.351394931668359     -1.53394001128922     
     133  1.33                  -0.336431626678344     -1.45929158154724     
     134  1.34                  -0.322197636018669     -1.38808083254166     
     135  1.35                  -0.308658544901619     -1.32030833451353     
     136  1.36                  -0.295780131878044     -1.2559360108249      
     137  1.37                  -0.283528721115683     -1.19489390823665     
     138  1.38                  -0.271871469146777     -1.13708651957479     
     139  1.39                  -0.260776590927441     -1.08239858855598     
     140  1.4                   -0.25021353065914      -1.03070034568539     
     141  1.41                  -0.240153083233766     -0.981852144109896    
     142  1.42                  -0.230567472376759     -0.935708483761685    
     143  1.43                  -0.221430391588298     -0.892121430016089    
     144  1.44                  -0.212717013840293     -0.850943448663897    
     145  1.45                  -0.204403975702471     -0.812029691794418    
     146  1.46                  -0.196469341173393     -0.775239778981919    
     147  1.47                  -0.188892550011884     -0.740439124958235    
     148  1.48                  -0.181654354830552     -0.707499868900304    
     149  1.49                  -0.174736750652828     -0.676301461850971    
     150  1.5                   -0.168122900072134     -0.646730967995041    
     151  1.51                  -0.161797056606067     -0.618683132945721    
     152  1.52                  -0.155744488325588     -0.592060268286183    
     153  1.53                  -0.149951403370301     -0.566771996769399    
     154  1.54                  -0.144404878543598     -0.542734897183595    
     155  1.55                  -0.139092791819348     -0.519872082269685    
     156  1.56                  -0.134003759286012     -0.498112737503119    
     157  1.57                  -0.129127076802747     -0.477391643239328    
     158  1.58                  -0.124452666441995     -0.457648697825423    
     159  1.59                  -0.119971027639333     -0.438828454903672    
     160  1.6                   -0.115673192858641     -0.420879684330917    
     161  1.61                  -0.111550687502915     -0.403754962929773    
     162  1.62                  -0.107595493752508     -0.387410298658533    
     163  1.63                  -0.103800017987602     -0.371804789700985    
     164  1.64                  -0.100157061445009     -0.356900318382734    
     165  1.65                  -0.0966597937665499    -0.342661278656045    
     166  1.66                  -0.0933017291130515    -0.329054335095803    
     167  1.67                  -0.0900767045413513    -0.316048210850215    
     168  1.68                  -0.0869788603686915    -0.303613501730434    
     169  1.69                  -0.0840026222775801    -0.291722513547623    
     170  1.7                   -0.081142684942895     -0.280349119865666    
     171  1.71                  -0.0783939969906257    -0.269468637491207    
     172  1.72                  -0.0757517471233953    -0.259057717236314    
     173  1.73                  -0.0732113512713433    -0.249094247735661    
     174  1.74                  -0.0707684406478344    -0.239557270359324    
     175  1.75                  -0.0684188506077581    -0.230426903518864    
     176  1.76                  -0.0661586102219753    -0.221684274908009    
     177  1.77                  -0.0639839324949175    -0.213311460443289    
     178  1.78                  -0.0618912051636644    -0.205291428870743    
     179  1.79                  -0.0598769820262653    -0.197607991180849    
     180  1.8                   -0.0579379747548702    -0.190245754125469    
     181  1.81                  -0.0560710451556355    -0.183190077258905    
     182  1.82                  -0.0542731978426011    -0.176427033032362    
     183  1.83                  -0.0525415732969806    -0.169943369559377    
     184  1.84                  -0.0508734412867623    -0.16372647574163     
     185  1.85                  -0.049266194624325     -0.157764348502445    
     186  1.86                  -0.0477173432420564    -0.152045561921468    
     187  1.87                  -0.0462245085678403    -0.146559238100543    
     188  1.88                  -0.0447854181838284    -0.141295019619513    
     189  1.89                  -0.0433979007532068    -0.13624304346309     
     190  1.9                   -0.0420598812007681    -0.131393916317423    
     191  1.91                  -0.0407693761340388    -0.126738691148552    
     192  1.92                  -0.0395244894925391    -0.122268844985532    
     193  1.93                  -0.0383234084134782    -0.117976257839292    
     194  1.94                  -0.0371643993028439    -0.113853192694826    
     195  1.95                  -0.0360458041014449    -0.109892276519565    
     196  1.96                  -0.0349660367360097    -0.106086482235029    
     197  1.97                  -0.0339235797459596    -0.102429111602388    
     198  1.98                  -0.032916981076951     -0.098913778975584    
     199  1.99                  -0.031944851032732     -0.0955343958782597   
     200  2                     -0.031005859377284     -0.0922851563630589   
     201  2.01                  -0.0300987325796237    -0.0891605231139713   
     202  2.02                  -0.0292222511940222    -0.0861552142543233   
     203  2.03                  -0.0283752473687656    -0.0832641908248202   
     204  2.04                  -0.0275566024769267    -0.080482644897748    
     205  2.05                  -0.026765244862949     -0.0778059882950615   
     206  2.06                  -0.0260001476991586    -0.0752298418796188   
     207  2.07                  -0.0252603269466216    -0.0727500253903044   
     208  2.08                  -0.0245448394150466    -0.0703625477931922   
     209  2.09                  -0.0238527809167061    -0.0680635981222505   
     210  2.1                   -0.02318328450961      -0.0658495367844014   
     211  2.11                  -0.022535518825405     -0.063716887304979    
     212  2.12                  -0.0219086864777146    -0.0616623284908389   
     213  2.13                  -0.0213020225468492    -0.0596826869894984   
     214  2.14                  -0.0207147931370309    -0.0577749302237961   
     215  2.15                  -0.0201462940024756    -0.0559361596825877   
     216  2.16                  -0.0195958492388655    -0.0541636045490062   
     217  2.17                  -0.0190628100369244    -0.0524546156487521   
     218  2.18                  -0.0185465534949796    -0.0508066597017975   
     219  2.19                  -0.018046481487556     -0.0492173138617405   
     220  2.2                   -0.0175620195872005    -0.0476842605278764   
     221  2.21                  -0.0170926160368818    -0.046205282415824    
     222  2.22                  -0.0166377407704472    -0.044778257873297    
     223  2.23                  -0.016196884478749     -0.0434011564283073   
     224  2.24                  -0.0157695577191777    -0.0420720345577611   
     225  2.25                  -0.0153552900664543    -0.0407890316650422   
     226  2.26                  -0.0149536293026481    -0.0395503662557801   
     227  2.27                  -0.0145641406444872    -0.0383543323015696   
     228  2.28                  -0.0141864060061347    -0.0371992957819548   
     229  2.29                  -0.0138200232956901    -0.0360836913954972   
     230  2.3                   -0.0134646057437726    -0.035006019431241    
     231  2.31                  -0.0131197812626214    -0.0339648427923419   
     232  2.32                  -0.0127851918342316    -0.0329587841640686   
     233  2.33                  -0.0124604929261197    -0.0319865233187936   
     234  2.34                  -0.0121453529333827    -0.0310467945509851   
     235  2.35                  -0.0118394526457857    -0.0301383842355779   
     236  2.36                  -0.0115424847386747    -0.0292601285034552   
     237  2.37                  -0.0112541532865743    -0.0284109110281013   
     238  2.38                  -0.0109741732983864    -0.0275896609178005   
     239  2.39                  -0.0107022702731613    -0.0267953507080546   
     240  2.4                   -0.010438179775465     -0.0260269944491699   
     241  2.41                  -0.0101816470294144    -0.0252836458842324   
     242  2.42                  -0.00993242653050071   -0.0245643967129407   
     243  2.43                  -0.00969028167436181   -0.0238683749370022   
     244  2.44                  -0.00945498440171114   -0.0231947432830247   
     245  2.45                  -0.00922631485866575   -0.022542697699049    
     246  2.46                  -0.00900406107175612   -0.0219114659210658   
     247  2.47                  -0.00878801863693565   -0.0213003061060543   
     248  2.48                  -0.00857799042194064   -0.0207085055282593   
     249  2.49                  -0.00837378628138457   -0.0201353793355914   
     250  2.5                   -0.008175222784        -0.0195802693632      
     251  2.51                  -0.00798212295147065   -0.0190425430014183   
     252  2.52                  -0.00779431600832324   -0.0185215921154264   
     253  2.53                  -0.00761163714237476   -0.0180168320141122   
     254  2.54                  -0.00743392727525501   -0.0175277004657432   
     255  2.55                  -0.00726103284254803   -0.0170536567581806   
     256  2.56                  -0.00709280558311747   -0.0165941808014858   
     257  2.57                  -0.00692910233720271   -0.0161487722708776   
     258  2.58                  -0.00676978485289162   -0.015716949788104    
     259  2.59                  -0.00661471960059525   -0.0152982501393876   
     260  2.6                   -0.0064637775951676    -0.0148922275282011   
     261  2.61                  -0.00631683422533025   -0.0144984528612133   
     262  2.62                  -0.00617376909007852   -0.0141165130658325   
     263  2.63                  -0.00603446584176021   -0.013746010437852    
     264  2.64                  -0.00589881203553349   -0.0133865620177776   
     265  2.65                  -0.00576669898492372   -0.0130377989944882   
     266  2.66                  -0.00563802162321232   -0.012699366134947    
     267  2.67                  -0.00551267837040344   -0.0123709212387466   
     268  2.68                  -0.00539057100552579   -0.0120521346163281   
     269  2.69                  -0.0052716045440386    -0.0117426885897769   
     270  2.7                   -0.00515568712012102   -0.0114422770151459   
     271  2.71                  -0.00504272987363491   -0.0111506048253138   
     272  2.72                  -0.00493264684156028   -0.010867387592432    
     273  2.73                  -0.00482535485371206   -0.0105923511090594   
     274  2.74                  -0.00472077343255576   -0.0103252309871324   
     275  2.75                  -0.00461882469694756   -0.0100657722739518   
     276  2.76                  -0.00451943326963275   -0.00981372908441719  
     277  2.77                  -0.00442252618834363   -0.00956886424876694  
     278  2.78                  -0.00432803282034549   -0.00933094897512616  
     279  2.79                  -0.00423588478028577   -0.00909976252619265  
     280  2.8                   -0.00414601585120845   -0.00887509190942632  
     281  2.81                  -0.00405836190860142   -0.00865673158013643  
     282  2.82                  -0.00397286084735103   -0.0084444831568905   
     283  2.83                  -0.00388945251148317   -0.00823815514869591  
     284  2.84                  -0.00380807862657588   -0.00803756269343132  
     285  2.85                  -0.00372868273473348   -0.00784252730702998  
     286  2.86                  -0.0036512101320171    -0.00765287664293996  
     287  2.87                  -0.00357560780823109   -0.00746844426140938  
     288  2.88                  -0.0035018243889693    -0.00728906940816537  
     289  2.89                  -0.00342981007982931   -0.00711459680207591  
     290  2.9                   -0.00335951661270672   -0.0069448764314027   
     291  2.91                  -0.0032908971940856    -0.00677976335827188  
     292  2.92                  -0.00322390645524453   -0.00661911753100586  
     293  2.93                  -0.00315850040430161   -0.00646280360397719  
     294  2.94                  -0.00309463638002442   -0.00631069076465968  
     295  2.95                  -0.00303227300733508   -0.00616265256756831  
     296  2.96                  -0.00297137015444242   -0.0060185667747924   
     297  2.97                  -0.00291188889153722   -0.00587831520284094  
     298  2.98                  -0.0028537914509885    -0.00574178357553099  
     299  2.99                  -0.00279704118898175   -0.00560886138266314  
     300  3                     -0.00274160254854255   -0.00547944174423878  
     301  3.01                  -0.00268744102389126   -0.00535342127998572  
