20.913222 0.000000 0.000000
0.000000 20.913222 0.000000
0.000000 0.000000 20.913222
1024
0.038059 0.0484123 0.0317904 1 1 1
0.01297 0.00893237 0.0451396 1 1 1
0.0302907 0.0106218 0.000971024 1 1 1
0.073188 0.0208415 0.0362302 1 1 1
0.115879 0.00239881 0.0357446 1 1 1
0.10891 0.0389295 0.0630149 1 1 1
0.112214 0.0386732 0.00694395 1 1 1
0.082383 0.0627873 0.0332379 1 1 1
0.14507 0.0301141 0.0273915 1 1 1
0.162049 0.0701229 0.0334633 1 1 1
0.2078 0.0397722 0.0233077 1 1 1
0.185826 0.0671743 0.0684104 1 1 1
0.176392 0.0240702 0.0610428 1 1 1
0.237923 0.0639467 0.0571368 1 1 1
0.278525 0.0162519 0.0134787 1 1 1
0.245652 0.0220761 0.0365046 1 1 1
0.277871 0.0609752 0.0346065 1 1 1
0.266488 0.0346496 0.0688855 1 1 1
0.241257 0.0638492 0.00561391 1 1 1
0.323504 0.0177981 0.0117406 1 1 1
0.301172 0.0168344 0.0485359 1 1 1
0.318835 0.052094 0.0390835 1 1 1
0.358249 0.0267422 0.0362117 1 1 1
0.412338 0.00760724 0.0604408 1 1 1
0.397648 0.0602998 0.0391839 1 1 1
0.400577 0.0216736 0.0184307 1 1 1
0.361876 0.0656621 0.0168922 1 1 1
0.472284 0.0326984 0.0192613 1 1 1
0.439882 0.0520905 0.0533441 1 1 1
0.994096 0.0489694 0.0623778 1 1 1
0.987377 0.0302336 0.0138282 1 1 1
0.92931 0.0010643 0.0377145 1 1 1
0.0576322 0.087659 0.0630104 1 1 1
0.00157253 0.0772923 0.028488 1 1 1
0.0684395 0.113313 0.0297744 1 1 1
0.0237287 0.117041 0.0148735 1 1 1
0.121094 0.0802871 0.0211188 1 1 1
0.112846 0.0943641 0.0580215 1 1 1
0.11696 0.138236 0.0231307 1 1 1
0.205156 0.0890022 0.0351933 1 1 1
0.155397 0.101809 0.0599108 1 1 1
0.207568 0.137888 0.0292518 1 1 1
0.149654 0.112181 0.0165716 1 1 1
0.231854 0.112998 0.00367299 1 1 1
0.272773 0.10207 0.00637452 1 1 1
0.256759 0.103142 0.0453999 1 1 1
0.303272 0.134029 0.0338398 1 1 1
0.314097 0.0843697 0.011602 1 1 1
0.343167 0.112073 0.0324164 1 1 1
0.346176 0.073072 0.0626485 1 1 1
0.302746 0.0930667 0.0556205 1 1 1
0.391285 0.104463 0.0158721 1 1 1
0.373506 0.109795 0.0687949 1 1 1
0.451982 0.0792868 0.00855496 1 1 1
0.131616 0.177625 0.00234374 1 1 1
0.167116 0.155757 0.0242063 1 1 1
0.251781 0.148481 0.028564 1 1 1
0.352431 0.147421 0.00581091 1 1 1
0.0923272 0.491565 0.0197253 1 1 1
0.127443 0.50731 0.00396225 1 1 1
0.0731699 0.532195 0.0250599 1 1 1
0.116724 0.55746 0.0257874 1 1 1
0.184655 0.566986 0.0180128 1 1 1
0.201039 0.525823 0.0284097 1 1 1
0.156485 0.541242 0.0380628 1 1 1
0.285386 0.549721 0.0207703 1 1 1
0.235563 0.550855 0.0365826 1 1 1
0.246824 0.514657 0.0569957 1 1 1
0.273229 0.509298 0.012327 1 1 1
0.324204 0.523605 0.0250174 1 1 1
0.303266 0.54941 0.0631069 1 1 1
0.362995 0.553851 0.0282294 1 1 1
0.0117161 0.601958 0.0571212 1 1 1
0.0312763 0.575411 0.0168208 1 1 1
0.0476283 0.611407 0.0301135 1 1 1
0.0471889 0.641745 0.0654913 1 1 1
0.0143612 0.637109 0.0291419 1 1 1
0.0854519 0.577681 0.0516242 1 1 1
0.123959 0.624402 0.0566909 1 1 1
0.0799829 0.623337 0.0561702 1 1 1
0.115049 0.603714 0.0221115 1 1 1
0.0784008 0.577402 0.00914102 1 1 1
0.196135 0.608722 0.0182507 1 1 1
0.146852 0.581527 0.0434778 1 1 1
0.191537 0.624842 0.0562109 1 1 1
0.18786 0.582296 0.0565283 1 1 1
0.158254 0.634653 0.0307528 1 1 1
0.25899 0.588767 0.0219028 1 1 1
0.227569 0.602436 0.0518108 1 1 1
0.238663 0.626463 0.0161498 1 1 1
0.263237 0.576195 0.0620808 1 1 1
0.272882 0.626681 0.0429476 1 1 1
0.324011 0.574128 0.0243427 1 1 1
0.303381 0.611113 0.0166483 1 1 1
0.308296 0.641001 0.0533446 1 1 1
0.34793 0.621482 0.0430196 1 1 1
0.300824 0.596628 0.0586934 1 1 1
0.412815 0.575465 0.0356318 1 1 1
0.361969 0.595934 0.00264205 1 1 1
0.418387 0.599863 0.00369192 1 1 1
0.396136 0.637928 0.00159387 1 1 1
0.398828 0.627477 0.0396903 1 1 1
0.456978 0.577971 0.023742 1 1 1
0.445327 0.615807 0.0475037 1 1 1
0.971549 0.625287 0.0193562 1 1 1
0.0568717 0.654393 0.0291927 1 1 1
0.0215107 0.675184 0.049188 1 1 1
0.0394773 0.710921 0.0251159 1 1 1
0.0298706 0.678638 0.00145142 1 1 1
0.0911257 0.695067 0.0257475 1 1 1
0.101077 0.651672 0.0290302 1 1 1
0.0780322 0.673921 0.0653398 1 1 1
0.132194 0.673452 0.0442621 1 1 1
0.168542 0.6731 0.020366 1 1 1
0.200292 0.648621 0.010595 1 1 1
0.207415 0.708248 0.063361 1 1 1
0.1685 0.704863 0.0540481 1 1 1
0.183363 0.665565 0.0582448 1 1 1
0.210638 0.685008 0.0277461 1 1 1
0.225824 0.653898 0.0570844 1 1 1
0.255308 0.666971 0.0276516 1 1 1
0.249687 0.701222 0.0569754 1 1 1
0.30846 0.661029 0.0176118 1 1 1
0.351917 0.652239 0.0125178 1 1 1
0.29484 0.689491 0.0456767 1 1 1
0.345087 0.700986 0.0246031 1 1 1
0.344933 0.666821 0.0535169 1 1 1
0.305041 0.7122 0.0091576 1 1 1
0.329023 0.70693 0.0685412 1 1 1
0.386328 0.712987 0.0149877 1 1 1
0.383551 0.674456 0.0307271 1 1 1
0.415797 0.678404 0.0554136 1 1 1
0.488688 0.696945 0.00718678 1 1 1
0.431689 0.650694 0.0199746 1 1 1
0.444948 0.704882 0.027598 1 1 1
0.492628 0.691993 0.062002 1 1 1
0.484208 0.644068 0.016148 1 1 1
0.460225 0.656642 0.0514824 1 1 1
0.52857 0.671346 0.0214059 1 1 1
0.986672 0.680131 0.00895242 1 1 1
0.979267 0.646327 0.0577993 1 1 1
0.950511 0.68605 0.032555 1 1 1
0.0595893 0.716845 0.0649276 1 1 1
0.00378485 0.784101 0.0206886 1 1 1
0.0458717 0.753975 0.0390467 1 1 1
0.0134145 0.716651 0.0644917 1 1 1
0.0232044 0.742693 0.00328725 1 1 1
0.124956 0.764871 0.0238841 1 1 1
0.0836749 0.741174 0.0337702 1 1 1
0.12954 0.715815 0.0371091 1 1 1
0.0871805 0.775901 0.0609168 1 1 1
0.0847386 0.781278 0.018167 1 1 1
0.126054 0.751968 0.0665641 1 1 1
0.155109 0.720162 0.00408357 1 1 1
0.199195 0.728625 0.025325 1 1 1
0.166121 0.74806 0.0367924 1 1 1
0.199557 0.776396 0.0358184 1 1 1
0.190959 0.750094 0.0699648 1 1 1
0.275517 0.734449 0.0519713 1 1 1
0.250898 0.722342 0.0150658 1 1 1
0.233521 0.74362 0.0487454 1 1 1
0.27251 0.781028 0.0710602 1 1 1
0.227531 0.758853 0.00519856 1 1 1
0.285597 0.759275 0.0182977 1 1 1
0.34658 0.751326 0.00559115 1 1 1
0.316939 0.736406 0.0405716 1 1 1
0.310925 0.778205 0.0543283 1 1 1
0.350704 0.776548 0.0388253 1 1 1
0.40766 0.725425 0.0454623 1 1 1
0.386719 0.761917 0.023543 1 1 1
0.408944 0.771509 0.058089 1 1 1
0.362911 0.730936 0.05017 1 1 1
0.418255 0.737572 0.0038235 1 1 1
0.461766 0.725004 0.0607106 1 1 1
0.481252 0.740253 0.0243695 1 1 1
0.478309 0.781119 0.013798 1 1 1
0.440875 0.755283 0.031958 1 1 1
0.478415 0.764425 0.0617614 1 1 1
0.524507 0.722041 0.00972186 1 1 1
0.547277 0.764401 0.0159279 1 1 1
0.520402 0.752799 0.0458874 1 1 1
0.909881 0.751999 0.00837967 1 1 1
0.996577 0.715696 0.0247793 1 1 1
0.959281 0.742366 0.0203329 1 1 1
0.999922 0.753358 0.0466204 1 1 1
0.937439 0.776013 0.0384541 1 1 1
0.972633 0.724749 0.0616076 1 1 1
0.929286 0.73475 0.0527779 1 1 1
0.0221877 0.826932 0.0196593 1 1 1
0.045291 0.790544 0.00605669 1 1 1
0.0707207 0.830613 0.0185471 1 1 1
0.0538408 0.800963 0.0447791 1 1 1
0.0489516 0.844811 0.0543722 1 1 1
0.00253204 0.843372 0.0565339 1 1 1
0.0151226 0.801017 0.0624016 1 1 1
0.088051 0.82987 0.0636291 1 1 1
0.12517 0.801496 0.0691737 1 1 1
0.107811 0.81089 0.0321953 1 1 1
0.1127 0.855097 0.0290773 1 1 1
0.130023 0.844072 0.0686815 1 1 1
0.147953 0.829105 0.0309997 1 1 1
0.16702 0.7937 0.0570994 1 1 1
0.194817 0.816938 0.0308054 1 1 1
0.163941 0.787575 0.0163388 1 1 1
0.174667 0.837416 0.0628139 1 1 1
0.282357 0.834805 0.00473489 1 1 1
0.21872 0.834097 0.0691745 1 1 1
0.259038 0.823442 0.0625651 1 1 1
0.241304 0.835826 0.024218 1 1 1
0.255724 0.795154 0.0228132 1 1 1
0.229652 0.790553 0.0594906 1 1 1
0.338859 0.820386 0.0281636 1 1 1
0.332224 0.845043 0.0670223 1 1 1
0.295827 0.81734 0.0410312 1 1 1
0.322589 0.786237 0.00931034 1 1 1
0.319631 0.855223 0.0218857 1 1 1
0.390264 0.80341 0.026631 1 1 1
0.374488 0.829511 0.0639196 1 1 1
0.396184 0.844632 0.0194895 1 1 1
0.437378 0.794868 0.00542811 1 1 1
0.456258 0.835972 0.069147 1 1 1
0.447288 0.79347 0.0560554 1 1 1
0.485375 0.818347 0.0368375 1 1 1
0.432947 0.827263 0.0287789 1 1 1
0.540019 0.842682 0.0283605 1 1 1
0.523424 0.802994 0.0445169 1 1 1
0.546021 0.805276 0.00560319 1 1 1
0.925716 0.791565 0.00207385 1 1 1
0.887301 0.819962 0.0216461 1 1 1
0.974486 0.791763 0.0599774 1 1 1
0.93466 0.828512 0.0369961 1 1 1
0.971732 0.81557 0.0158975 1 1 1
0.00192438 0.863163 0.0061251 1 1 1
0.0243796 0.885748 0.0546084 1 1 1
0.0414402 0.871177 0.0195256 1 1 1
0.0670688 0.920549 0.0468049 1 1 1
0.00437646 0.922326 0.065955 1 1 1
0.0238145 0.919648 0.0239285 1 1 1
0.10249 0.909184 0.0234714 1 1 1
0.0739625 0.880636 0.0484626 1 1 1
0.126109 0.888801 0.0596355 1 1 1
0.0854488 0.874753 0.00262369 1 1 1
0.198198 0.862118 0.0365588 1 1 1
0.152821 0.915038 0.0194006 1 1 1
0.15686 0.871877 0.0324366 1 1 1
0.175228 0.901931 0.0571184 1 1 1
0.186685 0.895495 0.0099911 1 1 1
0.223199 0.92719 0.00185438 1 1 1
0.230156 0.880099 0.0106899 1 1 1
0.270046 0.872543 0.0217782 1 1 1
0.254123 0.915605 0.031397 1 1 1
0.248795 0.873801 0.0596927 1 1 1
0.21576 0.908689 0.0428553 1 1 1
0.280806 0.902302 0.0595226 1 1 1
0.320991 0.887379 0.0502138 1 1 1
0.299441 0.903408 0.0184033 1 1 1
0.353408 0.910437 0.0342931 1 1 1
0.289637 0.857728 0.0584625 1 1 1
0.381782 0.892218 0.0039677 1 1 1
0.412795 0.858982 0.0570001 1 1 1
0.388311 0.891394 0.0451699 1 1 1
0.414796 0.925498 0.0141797 1 1 1
0.424526 0.91454 0.0602563 1 1 1
0.360217 0.86544 0.0395933 1 1 1
0.421114 0.881647 0.0222892 1 1 1
0.455125 0.86231 0.0234844 1 1 1
0.494337 0.921754 0.0512211 1 1 1
0.48874 0.887601 0.0109317 1 1 1
0.45235 0.909573 0.0168894 1 1 1
0.463368 0.880005 0.0602474 1 1 1
0.535171 0.89179 0.06389 1 1 1
0.533356 0.880568 0.0125483 1 1 1
0.501781 0.860725 0.0385475 1 1 1
0.872461 0.86475 0.00825164 1 1 1
0.91784 0.910566 0.0333699 1 1 1
0.923624 0.868316 0.0448736 1 1 1
0.963337 0.860604 0.0330157 1 1 1
0.945197 0.887896 0.00635131 1 1 1
0.987815 0.901334 0.0242165 1 1 1
0.954038 0.905598 0.0520111 1 1 1
0.953144 0.928103 0.00771394 1 1 1
0.0544219 0.984466 0.0182482 1 1 1
0.0456622 0.956736 0.0548313 1 1 1
0.0449169 0.997254 0.0679542 1 1 1
0.000961191 0.973422 0.0664426 1 1 1
0.0173025 0.966922 0.0177046 1 1 1
0.104772 0.938887 0.0595905 1 1 1
0.0715976 0.943075 0.0141927 1 1 1
0.0854072 0.97186 0.04062 1 1 1
0.117256 0.957024 0.0191396 1 1 1
0.201164 0.969683 0.00816178 1 1 1
0.149948 0.948626 0.0455217 1 1 1
0.165878 0.991253 0.0320765 1 1 1
0.20609 0.999365 0.0362028 1 1 1
0.188488 0.934417 0.0299129 1 1 1
0.267021 0.949137 0.00633858 1 1 1
0.246803 0.98017 0.0277305 1 1 1
0.266432 0.991775 0.0698935 1 1 1
0.268936 0.946918 0.0549419 1 1 1
0.223101 0.952604 0.0486075 1 1 1
0.350649 0.953494 0.022205 1 1 1
0.297032 0.975347 0.024107 1 1 1
0.313044 0.938183 0.0431809 1 1 1
0.332903 0.98634 0.0460892 1 1 1
0.362348 0.993541 0.00833206 1 1 1
0.388598 0.93925 0.0460285 1 1 1
0.39681 0.963567 0.0167689 1 1 1
0.376889 0.985593 0.0456566 1 1 1
0.422491 0.966531 0.0497014 1 1 1
0.447619 0.952603 0.0106704 1 1 1
0.484695 0.934633 0.00996861 1 1 1
0.486414 0.977858 0.0238362 1 1 1
0.459291 0.997625 0.065016 1 1 1
0.440814 0.995715 0.0247676 1 1 1
0.466849 0.951946 0.0624917 1 1 1
0.524857 0.935448 0.0270844 1 1 1
0.880743 0.949796 0.0053959 1 1 1
0.977001 0.986771 0.0304849 1 1 1
0.937899 0.955436 0.0348093 1 1 1
0.984229 0.94338 0.0366696 1 1 1
0.0176296 0.0243263 0.100313 1 1 1
0.0592788 0.0434797 0.074161 1 1 1
0.0647064 0.0109102 0.108422 1 1 1
0.0936957 0.0685629 0.0892987 1 1 1
0.0820638 0.0434051 0.136935 1 1 1
0.120522 0.0409413 0.113185 1 1 1
0.147883 0.0091554 0.0854517 1 1 1
0.182629 0.0403847 0.10352 1 1 1
0.148072 0.0167511 0.130468 1 1 1
0.145923 0.0565407 0.0772473 1 1 1
0.215022 0.0198706 0.0739215 1 1 1
0.214768 0.0276653 0.130376 1 1 1
0.228796 0.057216 0.0962127 1 1 1
0.272333 0.047911 0.11215 1 1 1
0.246394 0.0125338 0.10392 1 1 1
0.272255 0.0112698 0.142519 1 1 1
0.350715 0.0650029 0.10573 1 1 1
0.321586 0.0341637 0.125109 1 1 1
0.338749 0.0320561 0.0775539 1 1 1
0.310318 0.0609581 0.0876353 1 1 1
0.295019 0.0135501 0.0987074 1 1 1
0.401271 0.00810133 0.121432 1 1 1
0.383011 0.0313565 0.0863653 1 1 1
0.360217 0.0197751 0.119811 1 1 1
0.186256 0.0838887 0.114692 1 1 1
0.222042 0.100538 0.0850656 1 1 1
0.265355 0.0827998 0.0849808 1 1 1
0.249561 0.086407 0.130722 1 1 1
0.327943 0.106481 0.0875837 1 1 1
0.296412 0.0761824 0.126745 1 1 1
0.393643 0.0714743 0.0847924 1 1 1
0.127931 0.544316 0.0742041 1 1 1
0.0742494 0.570273 0.110322 1 1 1
0.176086 0.568269 0.108257 1 1 1
0.223571 0.552119 0.0788396 1 1 1
0.267188 0.541533 0.0934024 1 1 1
0.0479866 0.589007 0.0734544 1 1 1
0.0446052 0.624678 0.110758 1 1 1
0.0102456 0.639269 0.0879191 1 1 1
0.0889557 0.615779 0.099964 1 1 1
0.113172 0.58229 0.0803834 1 1 1
0.125164 0.579971 0.127764 1 1 1
0.131166 0.621591 0.115314 1 1 1
0.082122 0.601634 0.141751 1 1 1
0.210242 0.596706 0.0986157 1 1 1
0.203984 0.586201 0.141628 1 1 1
0.156249 0.598125 0.0832173 1 1 1
0.176494 0.62832 0.107646 1 1 1
0.246182 0.572185 0.114891 1 1 1
0.214852 0.641017 0.0952195 1 1 1
0.250653 0.611927 0.0886548 1 1 1
0.243634 0.614683 0.130196 1 1 1
0.341939 0.582973 0.074445 1 1 1
0.336677 0.597415 0.121411 1 1 1
0.300431 0.580696 0.0996373 1 1 1
0.330683 0.626817 0.0888899 1 1 1
0.290285 0.628377 0.100127 1 1 1
0.423323 0.634695 0.0792404 1 1 1
0.370929 0.632397 0.114389 1 1 1
0.379648 0.602625 0.0764737 1 1 1
0.0687951 0.662645 0.107968 1 1 1
0.0364496 0.678661 0.0887147 1 1 1
0.0633236 0.711776 0.108455 1 1 1
0.0241668 0.666801 0.129123 1 1 1
0.111589 0.653835 0.0812858 1 1 1
0.0970724 0.652862 0.131622 1 1 1
0.101288 0.688803 0.108495 1 1 1
0.138381 0.691865 0.0838622 1 1 1
0.138548 0.664795 0.12128 1 1 1
0.151673 0.648761 0.0778077 1 1 1
0.177818 0.688014 0.0947708 1 1 1
0.176196 0.676511 0.138599 1 1 1
0.2116 0.646581 0.137447 1 1 1
0.145627 0.706148 0.127437 1 1 1
0.26787 0.659082 0.0716101 1 1 1
0.232487 0.681989 0.0891408 1 1 1
0.217884 0.693073 0.133821 1 1 1
0.276305 0.692737 0.096086 1 1 1
0.2517 0.654903 0.115666 1 1 1
0.255705 0.710783 0.134509 1 1 1
0.284083 0.678838 0.135081 1 1 1
0.322344 0.657505 0.132675 1 1 1
0.350313 0.677841 0.100979 1 1 1
0.317201 0.703872 0.12238 1 1 1
0.312166 0.6721 0.0853967 1 1 1
0.388722 0.664055 0.137874 1 1 1
0.37922 0.652994 0.0778275 1 1 1
0.40872 0.674835 0.0989335 1 1 1
0.426775 0.713943 0.082648 1 1 1
0.388243 0.707328 0.120242 1 1 1
0.382432 0.698003 0.0715774 1 1 1
0.452208 0.679166 0.0867892 1 1 1
0.438497 0.700999 0.121694 1 1 1
0.986619 0.686109 0.0794395 1 1 1
0.978965 0.666141 0.125432 1 1 1
0.0171497 0.714639 0.106152 1 1 1
0.0445189 0.768255 0.0786604 1 1 1
0.0405594 0.756574 0.119991 1 1 1
0.0795525 0.733365 0.14101 1 1 1
0.103464 0.715833 0.0732698 1 1 1
0.0793528 0.747632 0.0896425 1 1 1
0.0861389 0.774742 0.132053 1 1 1
0.115936 0.78199 0.104051 1 1 1
0.113624 0.736012 0.116317 1 1 1
0.21052 0.722527 0.103662 1 1 1
0.157442 0.772827 0.0960392 1 1 1
0.161308 0.729349 0.0909747 1 1 1
0.187203 0.760887 0.121776 1 1 1
0.18433 0.720936 0.141417 1 1 1
0.146169 0.766172 0.137617 1 1 1
0.250208 0.727463 0.0892561 1 1 1
0.236551 0.766976 0.102469 1 1 1
0.224813 0.742291 0.139689 1 1 1
0.278065 0.747536 0.115528 1 1 1
0.218124 0.785641 0.136305 1 1 1
0.350664 0.722406 0.103038 1 1 1
0.304962 0.735131 0.0877167 1 1 1
0.308016 0.776107 0.099287 1 1 1
0.322686 0.744804 0.130242 1 1 1
0.345378 0.753493 0.0773811 1 1 1
0.369212 0.760045 0.121202 1 1 1
0.415191 0.739581 0.122147 1 1 1
0.411634 0.785275 0.102481 1 1 1
0.391987 0.744785 0.0861913 1 1 1
0.470044 0.730539 0.106356 1 1 1
0.437558 0.755218 0.08223 1 1 1
0.44591 0.767486 0.121116 1 1 1
0.510027 0.72552 0.0873633 1 1 1
0.532841 0.779417 0.0777149 1 1 1
0.941208 0.761911 0.0867409 1 1 1
0.997121 0.754316 0.0885591 1 1 1
0.970107 0.722274 0.110744 1 1 1
0.998766 0.749288 0.132927 1 1 1
0.968357 0.784945 0.116572 1 1 1
0.0484406 0.809636 0.130654 1 1 1
0.0452209 0.815481 0.086065 1 1 1
0.0121159 0.790043 0.11472 1 1 1
0.021581 0.846587 0.0955315 1 1 1
0.0645964 0.845106 0.108625 1 1 1
0.0169577 0.838196 0.137094 1 1 1
0.0748065 0.792695 0.0980116 1 1 1
0.103449 0.826762 0.0997511 1 1 1
0.106578 0.855314 0.134656 1 1 1
0.136331 0.81194 0.136564 1 1 1
0.196323 0.793434 0.0890745 1 1 1
0.154718 0.813766 0.0950681 1 1 1
0.17746 0.797715 0.130142 1 1 1
0.195135 0.837899 0.103819 1 1 1
0.144152 0.851573 0.115591 1 1 1
0.275827 0.846544 0.099506 1 1 1
0.272576 0.793934 0.113569 1 1 1
0.240703 0.815022 0.100342 1 1 1
0.21498 0.832713 0.140403 1 1 1
0.262738 0.832082 0.141307 1 1 1
0.298391 0.816561 0.0809357 1 1 1
0.338504 0.806822 0.0830333 1 1 1
0.348446 0.843837 0.113073 1 1 1
0.312474 0.817011 0.123385 1 1 1
0.340431 0.786365 0.127467 1 1 1
0.414825 0.8187 0.0716619 1 1 1
0.375848 0.788585 0.0758047 1 1 1
0.374107 0.81387 0.108125 1 1 1
0.387666 0.856301 0.102924 1 1 1
0.424263 0.834161 0.108163 1 1 1
0.391882 0.787861 0.141806 1 1 1
0.455487 0.801013 0.0940744 1 1 1
0.498896 0.802951 0.0779896 1 1 1
0.479858 0.809532 0.129545 1 1 1
0.509377 0.845154 0.0877461 1 1 1
0.955535 0.849692 0.0735399 1 1 1
0.939521 0.806358 0.0848856 1 1 1
0.988189 0.820753 0.0921432 1 1 1
0.945027 0.845231 0.115022 1 1 1
0.0166424 0.897048 0.10023 1 1 1
0.0541708 0.877441 0.0850123 1 1 1
0.059055 0.924616 0.101113 1 1 1
0.0293213 0.926653 0.134904 1 1 1
0.0365934 0.880816 0.137893 1 1 1
0.0950899 0.865514 0.082011 1 1 1
0.0937431 0.908995 0.0856185 1 1 1
0.12834 0.889152 0.0991319 1 1 1
0.0784429 0.889733 0.121444 1 1 1
0.143113 0.887111 0.141862 1 1 1
0.143545 0.925168 0.0790269 1 1 1
0.164057 0.873012 0.0839568 1 1 1
0.181976 0.908442 0.102051 1 1 1
0.205235 0.881148 0.0815124 1 1 1
0.187217 0.871483 0.130929 1 1 1
0.236165 0.861504 0.105094 1 1 1
0.273183 0.892237 0.101344 1 1 1
0.241812 0.91316 0.0762325 1 1 1
0.224101 0.89406 0.125984 1 1 1
0.255952 0.922411 0.130205 1 1 1
0.305705 0.861717 0.131795 1 1 1
0.310931 0.873245 0.0940768 1 1 1
0.322374 0.914887 0.0787293 1 1 1
0.297018 0.907051 0.129856 1 1 1
0.341021 0.896452 0.118491 1 1 1
0.418648 0.873339 0.132551 1 1 1
0.358838 0.87974 0.0799254 1 1 1
0.371751 0.920312 0.0814082 1 1 1
0.400306 0.89118 0.0865737 1 1 1
0.381292 0.898777 0.124988 1 1 1
0.421034 0.918199 0.124124 1 1 1
0.443503 0.871777 0.100938 1 1 1
0.489574 0.870322 0.122104 1 1 1
0.460674 0.916533 0.0902665 1 1 1
0.500801 0.904855 0.0931499 1 1 1
0.98546 0.863921 0.120996 1 1 1
0.985381 0.879114 0.0728578 1 1 1
0.967193 0.914803 0.0955359 1 1 1
0.0454311 0.978452 0.129754 1 1 1
0.00330416 0.986464 0.113602 1 1 1
0.0166751 0.949234 0.0982411 1 1 1
0.0889268 0.999225 0.0724425 1 1 1
0.076039 0.96298 0.0892685 1 1 1
0.108126 0.99954 0.107251 1 1 1
0.127203 0.974013 0.0734438 1 1 1
0.0743111 0.946477 0.134219 1 1 1
0.111997 0.943641 0.107058 1 1 1
0.172865 0.977032 0.0715169 1 1 1
0.153259 0.929436 0.126462 1 1 1
0.192599 0.999226 0.106634 1 1 1
0.145183 0.975499 0.115634 1 1 1
0.181336 0.954896 0.106973 1 1 1
0.200622 0.935394 0.0781467 1 1 1
0.210424 0.934042 0.130333 1 1 1
0.235967 0.951411 0.101996 1 1 1
0.223073 0.982647 0.0792693 1 1 1
0.231779 0.980734 0.136567 1 1 1
0.27805 0.973359 0.116184 1 1 1
0.280297 0.93322 0.092466 1 1 1
0.347689 0.952622 0.0714556 1 1 1
0.356011 0.979057 0.137937 1 1 1
0.336409 0.992095 0.0960079 1 1 1
0.303526 0.967111 0.0748292 1 1 1
0.327102 0.946053 0.112386 1 1 1
0.31334 0.98981 0.133178 1 1 1
0.380359 0.983985 0.0944874 1 1 1
0.37121 0.944562 0.121489 1 1 1
0.405079 0.948804 0.0862379 1 1 1
0.441795 0.958166 0.104773 1 1 1
0.502122 0.960107 0.0855827 1 1 1
0.986207 0.940442 0.130251 1 1 1
0.949613 0.959476 0.0838662 1 1 1
0.972136 0.997177 0.0863001 1 1 1
0.0425944 0.0118429 0.158311 1 1 1
0.117755 0.0273545 0.161167 1 1 1
0.162504 0.0524895 0.150743 1 1 1
0.200824 0.0437665 0.173275 1 1 1
0.248084 0.0452858 0.157948 1 1 1
0.274244 0.0228955 0.198038 1 1 1
0.226348 0.00837979 0.175052 1 1 1
0.304179 0.0366421 0.164219 1 1 1
0.338956 0.0140163 0.162097 1 1 1
0.321215 0.00563721 0.20846 1 1 1
0.0520291 0.640327 0.149895 1 1 1
0.118955 0.623319 0.156945 1 1 1
0.159402 0.598093 0.159736 1 1 1
0.163916 0.636203 0.146329 1 1 1
0.20155 0.624872 0.180925 1 1 1
0.278232 0.638878 0.144365 1 1 1
0.245305 0.629869 0.18261 1 1 1
0.280133 0.596199 0.143436 1 1 1
0.238196 0.581309 0.171659 1 1 1
0.0671848 0.688706 0.145071 1 1 1
0.0540918 0.677637 0.187821 1 1 1
0.141468 0.679385 0.165706 1 1 1
0.109728 0.698829 0.194569 1 1 1
0.0922307 0.656759 0.177022 1 1 1
0.10931 0.705399 0.150513 1 1 1
0.164816 0.652445 0.194574 1 1 1
0.158196 0.703347 0.210507 1 1 1
0.188672 0.688081 0.176619 1 1 1
0.26628 0.697412 0.184077 1 1 1
0.218719 0.669276 0.197912 1 1 1
0.24624 0.670505 0.157968 1 1 1
0.225676 0.710706 0.17331 1 1 1
0.34153 0.687433 0.197287 1 1 1
0.293268 0.66304 0.188391 1 1 1
0.356057 0.674548 0.15824 1 1 1
0.314275 0.706739 0.163627 1 1 1
0.30035 0.713404 0.209917 1 1 1
0.414122 0.669701 0.169025 1 1 1
0.407674 0.712056 0.167008 1 1 1
0.0452974 0.769806 0.15934 1 1 1
0.0349935 0.721335 0.157381 1 1 1
0.0729286 0.718329 0.182157 1 1 1
0.114981 0.744195 0.164774 1 1 1
0.0801484 0.783562 0.180479 1 1 1
0.184831 0.765068 0.163577 1 1 1
0.190887 0.7323 0.193118 1 1 1
0.152013 0.773985 0.19426 1 1 1
0.151303 0.723139 0.172114 1 1 1
0.257144 0.762539 0.163814 1 1 1
0.218187 0.762274 0.184254 1 1 1
0.253144 0.741943 0.203666 1 1 1
0.285786 0.73733 0.163466 1 1 1
0.29999 0.776946 0.144084 1 1 1
0.349867 0.718117 0.145982 1 1 1
0.290901 0.771467 0.19539 1 1 1
0.352417 0.770786 0.164395 1 1 1
0.324417 0.74643 0.180237 1 1 1
0.426443 0.778167 0.176528 1 1 1
0.360893 0.720586 0.186961 1 1 1
0.391267 0.748842 0.160193 1 1 1
0.374078 0.769294 0.203524 1 1 1
0.449857 0.736222 0.153101 1 1 1
0.0524166 0.817093 0.172011 1 1 1
0.0690753 0.857126 0.156703 1 1 1
0.105301 0.838914 0.182228 1 1 1
0.134169 0.840545 0.214166 1 1 1
0.0911163 0.817492 0.146823 1 1 1
0.123901 0.790825 0.167011 1 1 1
0.11007 0.797424 0.209161 1 1 1
0.211847 0.837639 0.187956 1 1 1
0.192426 0.791878 0.206424 1 1 1
0.152758 0.816425 0.181097 1 1 1
0.169144 0.837852 0.148129 1 1 1
0.192068 0.806338 0.167255 1 1 1
0.179431 0.840331 0.211951 1 1 1
0.235648 0.804079 0.169426 1 1 1
0.27473 0.803943 0.170313 1 1 1
0.246628 0.787131 0.205555 1 1 1
0.257404 0.840592 0.186505 1 1 1
0.348274 0.825298 0.155504 1 1 1
0.353342 0.812048 0.20761 1 1 1
0.296462 0.817713 0.207635 1 1 1
0.318097 0.802685 0.176699 1 1 1
0.304397 0.840727 0.162592 1 1 1
0.332424 0.849312 0.194492 1 1 1
0.375412 0.853234 0.192279 1 1 1
0.391964 0.837068 0.144604 1 1 1
0.384398 0.805018 0.177614 1 1 1
0.430856 0.811945 0.144881 1 1 1
0.450631 0.848298 0.14523 1 1 1
0.997055 0.801434 0.155097 1 1 1
0.062881 0.905075 0.162048 1 1 1
0.0641028 0.889574 0.204191 1 1 1
0.127677 0.888089 0.213536 1 1 1
0.104327 0.884398 0.173138 1 1 1
0.1074 0.92084 0.188032 1 1 1
0.139916 0.859641 0.175512 1 1 1
0.1135 0.919469 0.142862 1 1 1
0.193451 0.924958 0.191845 1 1 1
0.214152 0.879041 0.209005 1 1 1
0.156178 0.905331 0.183701 1 1 1
0.185492 0.868843 0.17879 1 1 1
0.183196 0.906588 0.149609 1 1 1
0.259018 0.890199 0.201925 1 1 1
0.268913 0.874101 0.153142 1 1 1
0.226591 0.866379 0.161167 1 1 1
0.224522 0.913094 0.166206 1 1 1
0.279156 0.915645 0.172879 1 1 1
0.323748 0.9218 0.18743 1 1 1
0.294182 0.865974 0.197159 1 1 1
0.344702 0.922548 0.150175 1 1 1
0.3178 0.883851 0.168023 1 1 1
0.367396 0.896186 0.178827 1 1 1
0.359756 0.867182 0.146522 1 1 1
0.404503 0.912325 0.166266 1 1 1
0.41905 0.86768 0.178003 1 1 1
0.454812 0.894897 0.144128 1 1 1
0.998589 0.904561 0.160976 1 1 1
0.0232779 0.959665 0.162898 1 1 1
0.0622682 0.949675 0.179839 1 1 1
0.0840937 0.995867 0.146844 1 1 1
0.102541 0.961194 0.212017 1 1 1
0.120761 0.969549 0.147202 1 1 1
0.142218 0.943494 0.17915 1 1 1
0.139716 0.997048 0.177122 1 1 1
0.173119 0.965384 0.197562 1 1 1
0.18866 0.997864 0.156952 1 1 1
0.179146 0.95639 0.152801 1 1 1
0.222077 0.963672 0.176683 1 1 1
0.248337 0.933655 0.199208 1 1 1
0.238926 0.976475 0.214106 1 1 1
0.264232 0.961789 0.154114 1 1 1
0.292164 0.990103 0.17026 1 1 1
0.286836 0.955021 0.197403 1 1 1
0.332597 0.97421 0.17844 1 1 1
0.307851 0.942699 0.154417 1 1 1
0.413036 0.950818 0.187709 1 1 1
0.411932 0.963863 0.146549 1 1 1
0.373384 0.950357 0.164307 1 1 1
0.382803 0.999241 0.164528 1 1 1
0.371493 0.976906 0.212754 1 1 1
0.195498 0.703327 0.230257 1 1 1
0.242972 0.702434 0.216734 1 1 1
0.141321 0.744909 0.227195 1 1 1
0.109926 0.729407 0.249811 1 1 1
0.175655 0.768269 0.252288 1 1 1
0.215921 0.745566 0.229953 1 1 1
0.282994 0.77415 0.235438 1 1 1
0.33884 0.727394 0.227415 1 1 1
0.329547 0.776335 0.218512 1 1 1
0.154991 0.805706 0.229828 1 1 1
0.183441 0.839158 0.257804 1 1 1
0.260321 0.814041 0.244301 1 1 1
0.248561 0.853193 0.224307 1 1 1
0.218849 0.826807 0.237231 1 1 1
0.302152 0.852414 0.237423 1 1 1
0.16688 0.880313 0.21755 1 1 1
0.213764 0.874615 0.257861 1 1 1
0.214334 0.921183 0.233762 1 1 1
0.265189 0.896661 0.253815 1 1 1
0.290635 0.911548 0.219712 1 1 1
0.336649 0.891781 0.216367 1 1 1
0.392873 0.89169 0.216186 1 1 1
0.365156 0.928137 0.216515 1 1 1
0.0500383 0.939697 0.220485 1 1 1
0.160517 0.928808 0.229727 1 1 1
0.256717 0.940451 0.239855 1 1 1
0.322918 0.942206 0.229418 1 1 1
0.29135 0.981567 0.229105 1 1 1
0.140238 0.667125 0.551094 1 1 1
0.175959 0.650041 0.538601 1 1 1
0.178679 0.687589 0.564007 1 1 1
0.22233 0.698511 0.565665 1 1 1
0.317093 0.68663 0.569314 1 1 1
0.368594 0.660267 0.556366 1 1 1
0.118457 0.772755 0.555634 1 1 1
0.145863 0.72151 0.543576 1 1 1
0.166548 0.769549 0.540439 1 1 1
0.273615 0.737803 0.548389 1 1 1
0.216078 0.734229 0.541596 1 1 1
0.228419 0.777359 0.533957 1 1 1
0.350106 0.777084 0.530715 1 1 1
0.345695 0.753417 0.562162 1 1 1
0.321538 0.717252 0.54252 1 1 1
0.0729848 0.843511 0.559527 1 1 1
0.154173 0.809096 0.563387 1 1 1
0.166801 0.847578 0.563063 1 1 1
0.188946 0.811401 0.536839 1 1 1
0.23821 0.807435 0.565328 1 1 1
0.220319 0.847094 0.544991 1 1 1
0.28546 0.840112 0.560073 1 1 1
0.330077 0.823083 0.548862 1 1 1
0.302431 0.787996 0.544494 1 1 1
0.377165 0.80503 0.549333 1 1 1
0.139375 0.905903 0.556164 1 1 1
0.112493 0.866479 0.565546 1 1 1
0.0802052 0.895117 0.562218 1 1 1
0.187993 0.926589 0.53897 1 1 1
0.219762 0.895895 0.562373 1 1 1
0.359985 0.902227 0.569637 1 1 1
0.132297 0.0181346 0.58629 1 1 1
0.0924774 0.0290445 0.615473 1 1 1
0.174556 0.0141784 0.599016 1 1 1
0.160901 0.0524125 0.6135 1 1 1
0.143607 0.00861422 0.633534 1 1 1
0.270638 0.0110346 0.628287 1 1 1
0.221404 0.0360046 0.624126 1 1 1
0.282009 0.0553099 0.636445 1 1 1
0.354599 0.00612554 0.592533 1 1 1
0.325524 0.0289624 0.628274 1 1 1
0.372514 0.0203553 0.635511 1 1 1
0.127226 0.629179 0.640053 1 1 1
0.128656 0.622826 0.58571 1 1 1
0.202146 0.58761 0.617815 1 1 1
0.182756 0.639302 0.626458 1 1 1
0.1565 0.598283 0.624733 1 1 1
0.177149 0.609724 0.589471 1 1 1
0.25268 0.62552 0.582974 1 1 1
0.222861 0.632165 0.611094 1 1 1
0.271842 0.61703 0.633703 1 1 1
0.242251 0.572661 0.633602 1 1 1
0.290087 0.599822 0.596668 1 1 1
0.292914 0.575528 0.640168 1 1 1
0.339922 0.602915 0.621563 1 1 1
0.330056 0.639461 0.59762 1 1 1
0.376668 0.627937 0.618772 1 1 1
0.0302972 0.673527 0.641583 1 1 1
0.077536 0.650908 0.628293 1 1 1
0.117355 0.700728 0.573073 1 1 1
0.0727098 0.694643 0.622088 1 1 1
0.121529 0.674281 0.60554 1 1 1
0.159539 0.662847 0.594032 1 1 1
0.153521 0.70376 0.609092 1 1 1
0.203401 0.646542 0.575157 1 1 1
0.197527 0.712788 0.598104 1 1 1
0.149887 0.665891 0.638586 1 1 1
0.203583 0.674648 0.611144 1 1 1
0.240577 0.70485 0.614388 1 1 1
0.23843 0.668363 0.586972 1 1 1
0.250474 0.65693 0.634231 1 1 1
0.271927 0.709358 0.580176 1 1 1
0.279738 0.696542 0.632076 1 1 1
0.286852 0.666297 0.59697 1 1 1
0.336154 0.652231 0.635274 1 1 1
0.318588 0.686729 0.611343 1 1 1
0.406114 0.668531 0.596971 1 1 1
0.361109 0.677812 0.603209 1 1 1
0.38976 0.704137 0.630035 1 1 1
0.494287 0.701818 0.616947 1 1 1
0.446082 0.712299 0.602201 1 1 1
0.434885 0.678208 0.638251 1 1 1
0.0650499 0.735927 0.631249 1 1 1
0.132158 0.739509 0.584435 1 1 1
0.0895694 0.742704 0.587656 1 1 1
0.113558 0.717403 0.619287 1 1 1
0.08215 0.776141 0.61957 1 1 1
0.122029 0.775696 0.602419 1 1 1
0.17466 0.739522 0.573669 1 1 1
0.203153 0.781554 0.575281 1 1 1
0.149676 0.745359 0.622901 1 1 1
0.181666 0.720672 0.63591 1 1 1
0.193186 0.75523 0.614949 1 1 1
0.165338 0.776958 0.591059 1 1 1
0.235562 0.742884 0.587405 1 1 1
0.237973 0.779442 0.607113 1 1 1
0.268981 0.738886 0.614192 1 1 1
0.267975 0.779181 0.571867 1 1 1
0.224039 0.739772 0.633443 1 1 1
0.304343 0.756298 0.5778 1 1 1
0.313397 0.723114 0.602493 1 1 1
0.341412 0.719012 0.633827 1 1 1
0.350413 0.71996 0.584505 1 1 1
0.337505 0.756067 0.607248 1 1 1
0.295248 0.768268 0.624403 1 1 1
0.412701 0.74198 0.622906 1 1 1
0.398165 0.719671 0.581804 1 1 1
0.395152 0.784053 0.625026 1 1 1
0.380141 0.756646 0.593416 1 1 1
0.370737 0.752071 0.641118 1 1 1
0.433302 0.748329 0.583247 1 1 1
0.459701 0.746054 0.628022 1 1 1
0.0423229 0.835331 0.607911 1 1 1
0.0347682 0.789977 0.600729 1 1 1
0.00151648 0.818416 0.6221 1 1 1
0.119444 0.825695 0.585836 1 1 1
0.112213 0.800513 0.63565 1 1 1
0.0845141 0.823689 0.610367 1 1 1
0.0855713 0.791025 0.579438 1 1 1
0.196016 0.823676 0.580856 1 1 1
0.147562 0.816487 0.617218 1 1 1
0.187749 0.800303 0.618352 1 1 1
0.179066 0.848548 0.622563 1 1 1
0.263999 0.855392 0.6339 1 1 1
0.267648 0.803656 0.633775 1 1 1
0.223663 0.818962 0.620128 1 1 1
0.25956 0.825185 0.601789 1 1 1
0.346324 0.793108 0.583265 1 1 1
0.301462 0.800321 0.593699 1 1 1
0.35302 0.796147 0.62842 1 1 1
0.298485 0.839241 0.606123 1 1 1
0.338435 0.832363 0.608226 1 1 1
0.311646 0.808837 0.636409 1 1 1
0.363933 0.839458 0.575412 1 1 1
0.387854 0.808369 0.590019 1 1 1
0.375605 0.829795 0.627723 1 1 1
0.434799 0.789484 0.60977 1 1 1
0.952768 0.834007 0.625542 1 1 1
0.0606169 0.908619 0.613976 1 1 1
0.0387 0.88232 0.642474 1 1 1
0.0399079 0.870277 0.581981 1 1 1
0.0267188 0.924056 0.637364 1 1 1
0.0240651 0.919682 0.593536 1 1 1
0.0850136 0.867736 0.605594 1 1 1
0.126142 0.861038 0.609773 1 1 1
0.114803 0.90294 0.596152 1 1 1
0.148255 0.926343 0.617674 1 1 1
0.156597 0.878723 0.591891 1 1 1
0.153093 0.886185 0.636161 1 1 1
0.213451 0.858727 0.595453 1 1 1
0.190274 0.894015 0.613365 1 1 1
0.258735 0.915442 0.579617 1 1 1
0.253882 0.867011 0.578609 1 1 1
0.215391 0.862469 0.637265 1 1 1
0.220151 0.920365 0.596019 1 1 1
0.245644 0.888016 0.613062 1 1 1
0.258968 0.923101 0.641471 1 1 1
0.218247 0.904009 0.642023 1 1 1
0.322349 0.914555 0.593663 1 1 1
0.323246 0.866674 0.581329 1 1 1
0.28885 0.882205 0.601428 1 1 1
0.328482 0.8737 0.626736 1 1 1
0.288664 0.924601 0.617296 1 1 1
0.413226 0.857886 0.601088 1 1 1
0.372344 0.873222 0.603969 1 1 1
0.362144 0.913496 0.616824 1 1 1
0.407431 0.905829 0.587269 1 1 1
0.406544 0.904079 0.642383 1 1 1
0.439046 0.891621 0.618355 1 1 1
0.992565 0.862294 0.631585 1 1 1
0.0368797 0.972684 0.602493 1 1 1
0.0670206 0.99665 0.628043 1 1 1
0.123048 0.944513 0.584526 1 1 1
0.115231 0.970012 0.641458 1 1 1
0.0981745 0.979064 0.604604 1 1 1
0.0979129 0.934378 0.622054 1 1 1
0.0792384 0.936347 0.583223 1 1 1
0.18475 0.994334 0.635199 1 1 1
0.153781 0.969766 0.614743 1 1 1
0.198851 0.979093 0.595512 1 1 1
0.177133 0.934159 0.58626 1 1 1
0.196177 0.94479 0.627298 1 1 1
0.263655 0.998255 0.583385 1 1 1
0.229789 0.958708 0.571761 1 1 1
0.236344 0.952821 0.613252 1 1 1
0.273139 0.964461 0.626366 1 1 1
0.338867 0.958878 0.581861 1 1 1
0.303725 0.991442 0.604871 1 1 1
0.291861 0.953596 0.58438 1 1 1
0.325501 0.951542 0.626347 1 1 1
0.352764 0.981581 0.633776 1 1 1
0.376969 0.951936 0.602217 1 1 1
0.40329 0.98487 0.622098 1 1 1
0.436274 0.94063 0.617498 1 1 1
0.99466 0.95283 0.637234 1 1 1
0.0473113 0.0231782 0.710262 1 1 1
0.0592881 0.0257032 0.663177 1 1 1
0.0945257 0.0598713 0.65115 1 1 1
0.105521 0.0144761 0.660034 1 1 1
0.0885933 0.051725 0.698451 1 1 1
0.126243 0.0223065 0.695045 1 1 1
0.137823 0.0523211 0.650639 1 1 1
0.0900385 0.00741837 0.704652 1 1 1
0.177405 0.0352427 0.648394 1 1 1
0.163257 0.00335981 0.675464 1 1 1
0.168812 0.0451664 0.694513 1 1 1
0.197913 0.00936002 0.701716 1 1 1
0.256013 0.0474198 0.672097 1 1 1
0.259931 0.00162307 0.671981 1 1 1
0.220239 0.0135261 0.662412 1 1 1
0.216009 0.0539599 0.681761 1 1 1
0.28001 0.0193148 0.702244 1 1 1
0.298857 0.0281976 0.664332 1 1 1
0.296099 0.0598169 0.710322 1 1 1
0.33622 0.065151 0.649555 1 1 1
0.343304 0.00339824 0.67019 1 1 1
0.324553 0.0159351 0.708147 1 1 1
0.3328 0.068936 0.700022 1 1 1
0.414613 0.0230406 0.655821 1 1 1
0.360524 0.0410929 0.676705 1 1 1
0.402653 0.0645826 0.708678 1 1 1
0.398772 0.0199227 0.701218 1 1 1
0.442393 0.0191952 0.69682 1 1 1
0.138537 0.09296 0.677354 1 1 1
0.0901527 0.0971983 0.708473 1 1 1
0.166539 0.0822289 0.71091 1 1 1
0.177694 0.0756445 0.660367 1 1 1
0.203297 0.0983058 0.686205 1 1 1
0.239367 0.0865801 0.658837 1 1 1
0.24741 0.0755903 0.709878 1 1 1
0.23495 0.126992 0.70528 1 1 1
0.293177 0.0797229 0.668067 1 1 1
0.289113 0.110393 0.70682 1 1 1
0.372267 0.0859816 0.680486 1 1 1
0.097421 0.556232 0.686409 1 1 1
0.163743 0.567784 0.666992 1 1 1
0.150917 0.536254 0.707972 1 1 1
0.192243 0.54039 0.692419 1 1 1
0.241876 0.524922 0.712089 1 1 1
0.259648 0.566093 0.712063 1 1 1
0.251019 0.538298 0.674345 1 1 1
0.299936 0.549503 0.684401 1 1 1
0.344083 0.529889 0.666315 1 1 1
0.296929 0.506433 0.688949 1 1 1
0.332417 0.520907 0.71038 1 1 1
0.383744 0.504729 0.691449 1 1 1
0.371693 0.565176 0.651833 1 1 1
0.370309 0.556991 0.696143 1 1 1
0.0541884 0.618413 0.695442 1 1 1
0.139085 0.607665 0.678872 1 1 1
0.122867 0.577551 0.652737 1 1 1
0.134317 0.575992 0.704478 1 1 1
0.0948834 0.620499 0.668065 1 1 1
0.212946 0.576921 0.677318 1 1 1
0.185052 0.604922 0.654053 1 1 1
0.176799 0.593394 0.702883 1 1 1
0.169463 0.641988 0.710929 1 1 1
0.202349 0.626567 0.691543 1 1 1
0.231367 0.61117 0.657124 1 1 1
0.259932 0.580445 0.672511 1 1 1
0.274098 0.626794 0.672887 1 1 1
0.239237 0.605186 0.7026 1 1 1
0.334423 0.574117 0.672939 1 1 1
0.295598 0.589775 0.690555 1 1 1
0.323844 0.611033 0.711696 1 1 1
0.317454 0.617386 0.661075 1 1 1
0.404683 0.587113 0.671447 1 1 1
0.362011 0.606304 0.657266 1 1 1
0.366213 0.603308 0.703694 1 1 1
0.415008 0.624704 0.647212 1 1 1
0.391134 0.635325 0.68294 1 1 1
0.433201 0.627794 0.692017 1 1 1
0.446329 0.572236 0.705244 1 1 1
0.0624954 0.649283 0.669963 1 1 1
0.0585605 0.693321 0.66313 1 1 1
0.0207463 0.714233 0.691299 1 1 1
0.0497758 0.676852 0.70526 1 1 1
0.00930804 0.651344 0.684288 1 1 1
0.136027 0.711416 0.653572 1 1 1
0.122578 0.652461 0.682214 1 1 1
0.107276 0.683257 0.647588 1 1 1
0.0914068 0.647215 0.709054 1 1 1
0.0943204 0.687359 0.69152 1 1 1
0.210221 0.652554 0.655939 1 1 1
0.164235 0.643564 0.670124 1 1 1
0.21029 0.679976 0.69134 1 1 1
0.15091 0.684515 0.688348 1 1 1
0.183986 0.687988 0.658295 1 1 1
0.241527 0.6468 0.683967 1 1 1
