file: LJGP-e_2.0-r0_1.5, epsilon: 2.0, r0: 1.5
# Creating pair table LJGP-e_2.0-r0_1.5 with 1000 points from 0.01 to 5

LJGP-e_2.0-r0_1.5
N 1000 R 0.01 5 FPRIME  1.32001258296412e+26  -0.00383945932802312  

       1  0.01                   9.99999999998e+23      1.1999999999988e+23  
       2  0.014994994994995      7.73827391099492e+21   1.39242454279906e+21 
       3  0.01998998998999       2.45611716469425e+20   5.89173090475361e+19 
       4  0.024984984984985      1.6898606237742e+19    5.0665370786384e+18  
       5  0.02997997997998       1.89681046644056e+18   6.82396078211933e+17 
       6  0.034974974974975      2.98477122615134e+17   1.25270758958097e+17 
       7  0.03996996996997       6.01442526650781e+16   2.88475677923019e+16 
       8  0.044964964964965      1.46389147091843e+16   7.89885950956746e+15 
       9  0.04995995995996       4.13556648218627e+15   2.47935286889547e+15 
      10  0.054954954954955      1.31800695314847e+15   869172176828355      
      11  0.05994994994995       464017181062046        333813696863663      
      12  0.0649449449449449     177605209002209        138414736633154      
      13  0.0699399399399399     72995626105657.3       61263723639087.1     
      14  0.0749349349349349     31899790552931.6       28684909833045.8     
      15  0.0799299299299299     14705729950450.2       14105139252284.8     
      16  0.0849249249249249     7105221392666.33       7240927436638.87     
      17  0.0899199199199199     3578727276118.11       3861588482281.09     
      18  0.0949149149149149     1870621027244.82       2130599585457.99     
      19  0.0999099099099099     1010872373571.05       1211955218706.85     
      20  0.104904904904905      562923409279.556       708642065131.278     
      21  0.1098998998999        322129803266.589       424825146110.367     
      22  0.114894894894895      188968412951.596       260538670680.308     
      23  0.11988988988989       113398336757.085       163144253761.771     
      24  0.124884884884885      69482937483.6353       104128818820.907     
      25  0.12987987987988       43400355920.9554       67642320857.2917     
      26  0.134874874874875      27594473596.2845       44661882942.3054     
      27  0.13986986986987       17836245702.7268       29937264546.0628     
      28  0.144864864864865      11706718749.6616       20350894846.26       
      29  0.14985985985986       7794105783.04456       14016441969.5114     
      30  0.154854854854855      5258841926.68544       9772421197.93293     
      31  0.15984984984985       3592846948.54812       6891907522.51874     
      32  0.164844844844845      2483579861.79969       4912962627.27475     
      33  0.16983983983984       1735818420.23962       3537818384.6139      
      34  0.174834834834835      1225856348.92498       2571942165.9368      
      35  0.17982982982983       874238289.82473        1886633282.30376     
      36  0.184824824824825      629276821.90356        1395727379.54881     
      37  0.18981981981982       456941585.909226       1040887527.8426      
      38  0.194814814814815      334571353.741545       782196239.171225     
      39  0.19980980980981       246912482.61423        592064113.102914     
      40  0.204804804804805      183592189.785648       451240053.896815     
      41  0.2097997997998        137488093.583813       346169216.793018     
      42  0.214794794794795      103664404.527087       267225139.936238     
      43  0.21978978978979       78670499.5393693       207515066.788238     
      44  0.224784784784785      60073785.2523826       162064984.316392     
      45  0.22977977977978       46145614.0312568       127258682.000214     
      46  0.234774774774775      35648177.4897737       100448337.894981     
      47  0.23976976976977       27688652.2351832       79681964.1620855     
      48  0.244764764764765      21618542.0998616       63511148.0208615     
      49  0.24975975975976       16963657.4842158       50854415.4268885     
      50  0.254754754754755      13375034.6830733       40899427.4605683     
      51  0.25974974974975       10594281.0328046       33032490.7510765     
      52  0.264744744744745      8428933.88143014       26787418.0466761     
      53  0.26973973973974       6734821.56434041       21808191.6212844     
      54  0.274734734734735      5403354.80041248       17821537.7601285     
      55  0.27972972972973       4352313.25073017       14616663.2020398     
      56  0.284724724724725      3519125.88173537       12030198.6882253     
      57  0.28971971971972       2855941.7889587        9934950.68643991     
      58  0.294714714714715      2325994.25141455       8231454.03196208     
      59  0.29970970970971       1900904.29916408       6841595.94158442     
      60  0.304704704704705      1558670.64900069       5703779.98234133     
      61  0.3096996996997        1282163.78457496       4769240.76153686     
      62  0.314694694694695      1057992.27138964       3999222.72858325     
      63  0.31968968968969       875645.299895876       3362810.95960873     
      64  0.324684684684685      726841.213612319       2835256.14006686     
      65  0.32967967967968       605030.36787918        2396675.81780384     
      66  0.334674674674675      505014.14747151        2031043.37753799     
      67  0.33966966966967       422651.800336897       1725397.94737691     
      68  0.344664664664665      354633.945688623       1469224.64033645     
      69  0.34965965965966       298306.915550822       1253966.63809381     
      70  0.354654654654655      251536.009124239       1072639.71243984     
      71  0.35964964964965       212598.65165877        919526.632805435     
      72  0.364644644644645      180100.62250461        789934.097082735     
      73  0.36963963963964       152910.145242873       679998.767664717     
      74  0.374634634634635      130105.857869584       586532.005245743     
      75  0.37962962962963       110935.606441866       506895.199392101     
      76  0.384624624624625      94783.7074039638       438899.368438623     
      77  0.38961961961962       81144.8580484882       380724.069936302     
      78  0.394614614614615      69603.282745177        330851.722793        
      79  0.39960960960961       59816.0155505663       288014.265861884     
      80  0.404604604604605      51499.4606372988       251149.719846769     
      81  0.4095995995996        44418.5579170119       219366.721624083     
      82  0.414594594594595      38378.0252625387       191915.494138198     
      83  0.41958958958959       33215.260667629        168164.025158125     
      84  0.424584584584585      28794.5749432899       147578.472993673     
      85  0.42957957957958       25002.4937861334       129707.011080287     
      86  0.434574574574575      21743.9215734491       114166.477214687     
      87  0.43956956956957       18939.0013389642       100631.31572748      
      88  0.444564564564565      16520.5385937892       88824.3986735665     
      89  0.44955955955956       14431.8829286415       78509.3903969253     
      90  0.454554554554555      12625.1821724776       69484.3826411963     
      91  0.45954954954955       11059.9404564829       61576.5779124281     
      92  0.464544544544545      9701.82474820504       54637.8395565405     
      93  0.46953953953954       8521.67498560544       48540.9599629767     
      94  0.474534534534535      7494.68140762831       43176.525006129      
      95  0.47952952952953       6599.69947972081       38450.274522442      
      96  0.484524524524525      5818.67828998725       34280.8762748927     
      97  0.48951951951952       5136.1827125253        30598.0452594008     
      98  0.494514514514515      4538.9932108389        27340.9519837055     
      99  0.49950950950951       4015.77005382224       24456.8729978326     
     100  0.504504504504504      3556.77107284965       21900.0448771771     
     101  0.509499499499499      3153.61400697344       19630.6893766489     
     102  0.514494494494495      2799.07604866046       17614.1828469333     
     103  0.519489489489489      2486.9244824747        15820.3474414167     
     104  0.524484484484484      2211.77335779142       14222.8453144849     
     105  0.529479479479479      1968.96199749606       12798.6600563971     
     106  0.534474474474474      1754.45185267858       11527.6521386784     
     107  0.539469469469469      1564.73879680818       10392.177248124      
     108  0.544464464464465      1396.77843457703       9376.75814143382     
     109  0.54945945945946       1247.92239901038       8467.80211702463     
     110  0.554454454454455      1115.86394054541       7653.35742553314     
     111  0.55944944944945       998.591385772391       6922.90296680501     
     112  0.564444444444445      894.348271338744       6267.16648240934     
     113  0.56943943943944       801.599148243938       5677.96717661563     
     114  0.574434434434434      719.000210028653       5148.07930818678     
     115  0.579429429429429      645.374030613339       4671.11380917522     
     116  0.584424424424424      579.687808225391       4241.41542080968     
     117  0.589419419419419      521.034604632806       3853.9732035089      
     118  0.594414414414414      468.617146792308       3504.34258884215     
     119  0.599409409409409      421.7338235096         3188.57740484997     
     120  0.604404404404404      379.766564854916       2903.17053002508     
     121  0.609399399399399      342.170338580237       2645.00202167795     
     122  0.614394394394394      308.464037056219       2411.29372659806     
     123  0.619389389389389      278.222561458528       2199.56952024247     
     124  0.624384384384384      251.069938059018       2007.62043880704     
     125  0.629379379379379      226.673325328485       1833.4740695419      
     126  0.634374374374374      204.737790811404       1675.36765115308     
     127  0.639369369369369      185.001753954446       1531.72441026887     
     128  0.644364364364364      167.233005732761       1401.13272358227     
     129  0.649359359359359      151.225228417338       1282.32774996596     
     130  0.654354354354354      136.794949495545       1174.17522390661     
     131  0.659349349349349      123.778872874794       1075.65714213575     
     132  0.664344344344344      112.031538300911       985.859110288641     
     133  0.669339339339339      101.423266606459       903.95914660195      
     134  0.674334334334334      91.8383541367721       829.217765747595     
     135  0.679329329329329      83.1734846239554       760.969188473751     
     136  0.684324324324324      75.3363310109486       698.613542278939     
     137  0.689319319319319      68.2443233698292       641.609935303564     
     138  0.694314314314314      61.8235621966242       589.470300345267     
     139  0.699309309309309      56.0078590716704       541.753918698544     
     140  0.704304304304304      50.7378890117999       498.062544648937     
     141  0.709299299299299      45.9604408609612       458.036061144189     
     142  0.714294294294294      41.6277538140794       421.348605613088     
     143  0.719289289289289      37.6969296832557       387.705112274299     
     144  0.724284284284284      34.129411828419        356.838223715624     
     145  0.729279279279279      30.8905228141754       328.505530152558     
     146  0.734274274274274      27.9490538447188       302.48709970005      
     147  0.739269269269269      25.2768998897346       278.583267305085     
     148  0.744264264264264      22.8487351637653       256.612653769283     
     149  0.749259259259259      20.6417242746024       236.41038960892      
     150  0.754254254254254      18.6352649258404       217.826521413896     
     151  0.759249249249249      16.8107585559277       200.724580928726     
     152  0.764244244244244      15.1514057304612       184.980299332181     
     153  0.769239239239239      13.6420234843665       170.480451176498     
     154  0.774234234234234      12.2688821431189       157.121814195797     
     155  0.779229229229229      11.0195594434506       144.810232735632     
     156  0.784224224224224      9.88281002939284       133.459773917089     
     157  0.789219219219219      8.84844862362781       122.991966851573     
     158  0.794214214214214      7.90724537096064       113.335116285841     
     159  0.799209209209209      7.05083202374597       104.423682997773     
     160  0.804204204204204      6.27161779130859       96.1977240966001     
     161  0.809199199199199      5.56271380940306       88.6023871197287     
     162  0.814194194194194      4.91786530382948       81.5874524731976     
     163  0.819189189189189      4.33139062643919       75.1069193440319     
     164  0.824184184184184      3.79812643364469       69.1186307290422     
     165  0.829179179179179      3.31337835869174       63.58393368349       
     166  0.834174174174174      2.87287660066881       58.4673713012232     
     167  0.839169169169169      2.47273591665951       53.7364033012144     
     168  0.844164164164164      2.10941955958797       49.3611524190729     
     169  0.849159159159159      1.77970675403714       45.3141740905898     
     170  0.854154154154154      1.48066334640002       41.5702471716995     
     171  0.859149149149149      1.20961530482367       38.1061836689288     
     172  0.864144144144144      0.964124779112453      34.9006556595685     
     173  0.869139139139139      0.741968461584068      31.9340377641611     
     174  0.874134134134134      0.541118017273116      29.1882636979094     
     175  0.879129129129129      0.359722376248566      26.6466955743761     
     176  0.884124124124124      0.196091702502676      24.2940047662899     
     177  0.889119119119119      0.0486828731877231     22.1160632460594     
     178  0.894114114114114     -0.0839136808064816     20.0998444342089     
     179  0.899109109109109     -0.202985906588339      18.2333326787112     
     180  0.904104104104104     -0.309710953267414      16.5054405732682     
     181  0.909099099099099     -0.405164995946141      14.9059333990137     
     182  0.914094094094094     -0.490332156492664      13.4253600428099     
     183  0.919089089089089     -0.566112608116626      12.0549898071        
     184  0.924084084084084     -0.633329942029642      10.7867545818783     
     185  0.929079079079079     -0.692737866648761      9.61319589941866     
     186  0.934074074074074     -0.745026302794409      8.52741643751263     
     187  0.939069069069069     -0.790826932054805      7.52303557764436     
     188  0.944064064064064     -0.830718249857824      6.59414866121808     
     189  0.949059059059059     -0.865230169738533      5.73528962006729     
     190  0.954054054054054     -0.894848220754107      4.94139668738058     
     191  0.959049049049049     -0.920017375922088      4.20778092219723     
     192  0.964044044044044     -0.941145545893887      3.53009730505496     
     193  0.969039039039039     -0.958606768779336      2.90431818446544     
     194  0.974034034034034     -0.972744124070962      2.32670887389007     
     195  0.979029029029029     -0.983872395943848      1.79380521699181     
     196  0.984024024024024     -0.992280508797536      1.30239295533983     
     197  0.989019019019019     -0.998233755732889      0.849488747604602    
     198  0.994014014014014     -1.00197583869444       0.432322702757773    
     199  0.999009009009009     -1.00373073723579       0.048322302010157    
     200  1.004004004004        -1.00370442126227      -0.304902404689556    
     201  1.008998998999        -1.002086421654        -0.629572431710449    
     202  1.01399399399399      -0.999051271357837     -0.927752415331048    
     203  1.01898898898899      -0.994759828344949     -1.2013621825549      
     204  1.02398398398398      -0.989360490748867     -1.45218741030957     
     205  1.02897897897898      -0.982990313516114     -1.68188944735141     
     206  1.03397397397397      -0.97577603500786      -1.89201436499238     
     207  1.03896896896897      -0.967835021177556     -2.08400129713174     
     208  1.04396396396396      -0.9592761342083       -2.25919012496328     
     209  1.04895895895896      -0.950200531817804     -2.41882855709263     
     210  1.05395395395395      -0.940702402821907     -2.56407865159621     
     211  1.05894894894895      -0.930869643984163     -2.69602282274641     
     212  1.06394394394394      -0.920784482664128     -2.81566937168196     
     213  1.06893893893894      -0.910524049306302     -2.92395757718682     
     214  1.07393393393393      -0.900160903381395     -3.02176237992708     
     215  1.07892892892893      -0.889763515998332     -3.1098986909572      
     216  1.08392392392392      -0.879396712046249     -3.18912535301993     
     217  1.08891891891892      -0.869122074398204     -3.26014878110691     
     218  1.09391391391391      -0.858998312410028     -3.32362630689869     
     219  1.09890890890891      -0.849081596677042     -3.38016925004383     
     220  1.1039039039039       -0.839425861766419     -3.43034573775028     
     221  1.1088988988989       -0.830083078422501     -3.47468329282985     
     222  1.11389389389389      -0.821103496545236     -3.513671209144       
     223  1.11888888888889      -0.81253586006705      -3.54776273233008     
     224  1.12388388388388      -0.804427594700096     -3.57737706272716     
     225  1.12887887887888      -0.79682496939331      -3.60290119655685     
     226  1.13387387387387      -0.789773232226309     -3.6246916206323      
     227  1.13886886886887      -0.783316721374603     -3.64307587515622     
     228  1.14386386386386      -0.777498951707174     -3.65835399851359     
     229  1.14885885885886      -0.772362677522972     -3.67079986735498     
     230  1.15385385385385      -0.767949931896792     -3.68066244469081     
     231  1.15884884884885      -0.764302043086929     -3.68816694816485     
     232  1.16384384384384      -0.761459628456499     -3.69351595013655     
     233  1.16883883883884      -0.7594625663769       -3.69689042066676     
     234  1.17383383383383      -0.758349946614936     -3.69845072396155     
     235  1.17882882882883      -0.758159999754027     -3.69833757827546     
     236  1.18382382382382      -0.758930006263876     -3.69667298870211     
     237  1.18881881881882      -0.760696185911123     -3.6935611616797      
     238  1.19381381381381      -0.763493568294792     -3.68908940940584     
     239  1.19880880880881      -0.767355845393719     -3.68332905168764     
     240  1.2038038038038       -0.772315207127147     -3.67633632204321     
     241  1.2087987987988       -0.778402161053086     -3.66815328412034     
     242  1.21379379379379      -0.785645337460034     -3.65880876370422     
     243  1.21878878878879      -0.794071281244695     -3.64831930075099     
     244  1.22378378378378      -0.8037042321094       -3.6366901250073      
     245  1.22877877877878      -0.814565894756146     -3.6239161578639      
     246  1.23377377377377      -0.826675200897258     -3.60998304214534     
     247  1.23876876876877      -0.840048065043557     -3.59486820056594     
     248  1.24376376376376      -0.854697136167156     -3.57854192259073     
     249  1.24875875875876      -0.870631547465296     -3.56096847843687     
     250  1.25375375375375      -0.887856666571541     -3.54210725794723     
     251  1.25874874874875      -0.906373848668735     -3.52191393107139     
     252  1.26374374374374      -0.926180195052008     -3.50034162571422     
     253  1.26873873873874      -0.94726831976745      -3.47734211776861     
     254  1.27373373373373      -0.969626127010548     -3.45286702725005     
     255  1.27872872872873      -0.993236602006055     -3.4268690136099      
     256  1.28372372372372      -1.01807761810553      -3.39930296253356     
     257  1.28871871871872      -1.04412176282867      -3.37012715584291     
     258  1.29371371371371      -1.0713361855381       -3.33930441553144     
     259  1.29870870870871      -1.09968246937338      -3.30680321247773     
     260  1.3037037037037       -1.12911652997727      -3.27259873001893     
     261  1.3086986986987       -1.15958854342556      -3.23667387233108     
     262  1.31369369369369      -1.19104290562023      -3.19902020746605     
     263  1.31868868868869      -1.22341822522487      -3.15963883494196     
     264  1.32368368368368      -1.25664735201113      -3.11854116798164     
     265  1.32867867867868      -1.29065744224653      -3.07574962084417     
     266  1.33367367367367      -1.32537006248892      -3.03129819219949     
     267  1.33866866866867      -1.36070133286182      -2.98523293615464     
     268  1.34366366366366      -1.39656211057124      -2.9376123133483      
     269  1.34865865865866      -1.43285821408962      -2.88850741548283     
     270  1.35365365365365      -1.46949068807988      -2.83800205775114     
     271  1.35864864864865      -1.50635610876528      -2.78619273482931     
     272  1.36364364364364      -1.543346929072        -2.7331884374314      
     273  1.36863863863864      -1.58035186248537      -2.67911032784582     
     274  1.37363363363363      -1.61725630417159      -2.62409127437537     
     275  1.37862862862863      -1.65394278752817      -2.56827524616651     
     276  1.38362362362362      -1.69029147394372      -2.51181657151771     
     277  1.38861861861862      -1.72618067317444      -2.45487906437877     
     278  1.39361361361361      -1.76148739138636      -2.39763502537109     
     279  1.39860860860861      -1.79608790357265      -2.34026412524918     
     280  1.4036036036036       -1.82985834673916      -2.28295218026152     
     281  1.4085985985986       -1.86267532996291      -2.22588983033252     
     282  1.41359359359359      -1.89441655717121      -2.16927113235162     
     283  1.41858858858859      -1.92496145826779      -2.11329208209977     
     284  1.42358358358358      -1.95419182404955      -2.05814907944611     
     285  1.42857857857858      -1.98199244021685      -2.00403735238945     
     286  1.43357357357357      -2.00825171568371      -1.95114935628328     
     287  1.43856856856857      -2.03286230034426      -1.89967316515445     
     288  1.44356356356356      -2.05572168744964      -1.84979087239212     
     289  1.44855855855856      -2.07673279579617      -1.80167701823654     
     290  1.45355355355355      -2.0958045270216       -1.75549706142973     
     291  1.45854854854855      -2.11285229345091      -1.71140591210024     
     292  1.46354354354354      -2.12779851212581      -1.66954654244149     
     293  1.46853853853854      -2.14057306089168      -1.63004869101337     
     294  1.47353353353353      -2.15111369269905      -1.59302767555478     
     295  1.47852852852853      -2.1593664046023       -1.55858332805436     
     296  1.48352352352352      -2.16528575830203      -1.5267990644987      
     297  1.48851851851852      -2.16883514947632      -1.49774110022134     
     298  1.49351351351351      -2.16998702357492      -1.47145782012952     
     299  1.49850850850851      -2.16872303620568      -1.44797931131253     
     300  1.5035035035035       -2.16503415671822      -1.42731706365835     
     301  1.5084984984985       -2.1589207140814       -1.40946384215153     
     302  1.51349349349349      -2.1503923846529       -1.39439373252027     
     303  1.51848848848849      -2.13946812194537      -1.38206235987406     
     304  1.52348348348348      -2.12617602899866      -1.37240727795186     
     305  1.52847847847848      -2.11055317446621      -1.36534852461435     
     306  1.53347347347347      -2.09264535400925      -1.3607893372883      
     307  1.53846846846847      -2.07250679906104      -1.35861702023493     
     308  1.54346346346346      -2.0501998354684       -1.35870395379097     
     309  1.54845845845846      -2.02579449493561      -1.36090873414546     
     310  1.55345345345345      -1.99936808258069      -1.36507743078796     
     311  1.55844844844845      -1.97100470426367      -1.37104494751265     
     312  1.56344344344344      -1.94079475765527      -1.37863647180503     
     313  1.56843843843844      -1.90883439128115      -1.38766899658473     
     314  1.57343343343343      -1.87522493599793      -1.3979528976397      
     315  1.57842842842843      -1.84007231353134      -1.40929354966973     
     316  1.58342342342342      -1.80348642683241      -1.42149296366295     
     317  1.58841841841842      -1.76558053708424      -1.43435142835775     
     318  1.59341341341341      -1.72647063221956      -1.44766913878986     
     319  1.59840840840841      -1.68627479178826      -1.46124779538281     
     320  1.6034034034034       -1.64511255294579      -1.47489215769945     
     321  1.6083983983984       -1.60310428221994      -1.48841153781965     
     322  1.61339339339339      -1.56037055755588      -1.50162121932837     
     323  1.61838838838839      -1.51703156494203      -1.51434378907194     
     324  1.62338338338338      -1.47320651368417      -1.52641037014775     
     325  1.62837837837838      -1.42901307412626      -1.53766174601297     
     326  1.63337337337337      -1.38456684131745      -1.54794936710877     
     327  1.63836836836837      -1.33998082780006      -1.55713623297388     
     328  1.64336336336336      -1.29536498834718      -1.56509764444244     
     329  1.64835835835836      -1.250825779115        -1.57172182216187     
     330  1.65335335335335      -1.20646575329945      -1.57691038930349     
     331  1.65834834834835      -1.1623831950028       -1.5805787179502      
     332  1.66334334334334      -1.11867179262894      -1.58265614020974     
     333  1.66833833833834      -1.0754203527396       -1.58308602659906     
     334  1.67333333333333      -1.03271255492298      -1.58182573565773     
     335  1.67832832832833      -0.990626747854029     -1.57884644005848     
     336  1.68332332332332      -0.949235786366948     -1.57413283567846     
     337  1.68831831831832      -0.908606909017352     -1.56768274116205     
     338  1.69331331331331      -0.86880165528861      -1.55950659643714     
     339  1.69830830830831      -0.829875821295366     -1.54962686943321     
     340  1.7033033033033       -0.791879452560674     -1.53807738088792     
     341  1.7082982982983       -0.754856872192767     -1.52490255761596     
     342  1.71329329329329      -0.718846742565074     -1.51015662495067     
     343  1.71828828828829      -0.683882158409742     -1.49390274925648     
     344  1.72328328328328      -0.649990769071283     -1.47621214145491     
     345  1.72827827827828      -0.61719492753342      -1.4571631324126      
     346  1.73327327327327      -0.585511863728701     -1.43684023081693     
     347  1.73826826826827      -0.554953879566448     -1.41533317382119     
     348  1.74326326326326      -0.525528563069499     -1.39273598028893     
     349  1.74825825825826      -0.497239018992829     -1.36914601591692     
     350  1.75325325325325      -0.470084113306113     -1.34466307888191     
     351  1.75824824824825      -0.444058728956166     -1.31938851395021     
     352  1.76324324324324      -0.419154030382011     -1.29342436222543     
     353  1.76823823823824      -0.395357734333216     -1.26687255290158     
     354  1.77323323323323      -0.372654384638951     -1.23983414255004     
     355  1.77822822822823      -0.351025628688736     -1.21240860661231     
     356  1.78322322322322      -0.330450493513839     -1.18469318690919     
     357  1.78821821821822      -0.310905659498361     -1.15678229812208     
     358  1.79321321321321      -0.292365729899026     -1.12876699536566     
     359  1.79820820820821      -0.27480349451015      -1.10073450416237     
     360  1.8032032032032       -0.258190185973152     -1.07276781335707     
     361  1.8081981981982       -0.242495727396016     -1.04494533078372     
     362  1.81319319319319      -0.227688970115399     -1.0173406008201      
     363  1.81818818818819      -0.213737920600657     -0.990022082348617    
     364  1.82318318318318      -0.20060995566321      -0.963052985083825    
     365  1.82817817817818      -0.188272025294787     -0.936491161734744    
     366  1.83317317317317      -0.176690842612723     -0.910389053043661    
     367  1.83816816816817      -0.165833060538436     -0.884793682383668    
     368  1.84316316316316      -0.155665434975335     -0.859746696304867    
     369  1.84815815815816      -0.146154974383847     -0.835284447192411    
     370  1.85315315315315      -0.137269075773245     -0.811438114036575    
     371  1.85814814814815      -0.128975647241987     -0.78823385721292     
     372  1.86314314314314      -0.121243217299852     -0.765693003125968    
     373  1.86813813813814      -0.114041031296228     -0.743832254578547    
     374  1.87313313313313      -0.107339135359094     -0.722663922786745    
     375  1.87812812812813      -0.101108448318929     -0.702196177062354    
     376  1.88312312312312      -0.0953208221507913    -0.682433308325774    
     377  1.88811811811812      -0.0899490915167486    -0.66337600278747     
     378  1.89311311311311      -0.0849671130297805    -0.645021622339905    
     379  1.89810810810811      -0.0803497948899228    -0.627364488429392    
     380  1.9031031031031       -0.0760731175641452    -0.610396166423257    
     381  1.9080980980981       -0.072114146193915     -0.594105747747388    
     382  1.91309309309309      -0.0684510354192058    -0.578480127337943    
     383  1.91808808808809      -0.065063027305535     -0.56350427422431     
     384  1.92308308308308      -0.0619304430521269    -0.549161493334477    
     385  1.92807807807808      -0.0590346691452142    -0.535433676885019    
     386  1.93307307307307      -0.0563581386014793    -0.522301543982744    
     387  1.93806806806807      -0.0538843079234004    -0.509744867320781    
     388  1.94306306306306      -0.0515976303614659    -0.497742686096093    
     389  1.94805805805806      -0.0494835260484868    -0.486273504506004    
     390  1.95305305305305      -0.0475283495392078    -0.475315475396729    
     391  1.95804804804805      -0.0457193552546365    -0.4648465688357      
     392  1.96304304304304      -0.0440446612955473    -0.454844725560957    
     393  1.96803803803804      -0.0424932120539455    -0.445287995424288    
     394  1.97303303303303      -0.0410547400153623    -0.436154661089988    
     395  1.97802802802803      -0.0397197271090924    -0.427423347378081    
     396  1.98302302302302      -0.0384793659282526    -0.419073116749879    
     397  1.98801801801802      -0.0373255211071367    -0.411083551525326    
     398  1.99301301301301      -0.0362506911100552    -0.403434823496479    
     399  1.99800800800801      -0.0352479706538893    -0.396107751660399    
     400  2.003003003003        -0.0343110139561634    -0.389083848838888    
     401  2.007997997998        -0.0334339989716779    -0.382345357982727    
     402  2.01299299299299      -0.0326115927537745    -0.375875278975773    
     403  2.01798798798799      -0.03183891805119      -0.369657386760405    
     404  2.02298298298298      -0.0311115212282552    -0.36367624160186     
     405  2.02797797797798      -0.0304253415749183    -0.357917192295947    
     406  2.03297297297297      -0.0297766820537207    -0.352366373103897    
     407  2.03796796796797      -0.0291621815133948    -0.347010695170692    
     408  2.04296296296296      -0.0285787883831469    -0.341837833150446    
     409  2.04795795795796      -0.0280237358478643    -0.336836207725128    
     410  2.05295295295295      -0.0274945184923753    -0.331994964662342    
     411  2.05794794794795      -0.0269888703924075    -0.327303951014803    
     412  2.06294294294294      -0.0265047446209318    -0.322753689019455    
     413  2.06793793793794      -0.0260402941310599    -0.318335348208651    
     414  2.07293293293293      -0.0255938539704624    -0.314040716200129    
     415  2.07792792792793      -0.0251639247773021    -0.309862168587265    
     416  2.08292292292292      -0.0247491575038129    -0.305792638306746    
     417  2.08791791791792      -0.0243483393108024    -0.301825584817948    
     418  2.09291291291291      -0.0239603805744074    -0.29795496338706     
     419  2.09790790790791      -0.023584302945289     -0.294175194729943    
     420  2.1029029029029       -0.0232192284000174    -0.290481135230763    
     421  2.1078978978979       -0.0228643692245817    -0.286868047919079    
     422  2.11289289289289      -0.0225190188706707    -0.283331574356093    
     423  2.11788788788789      -0.0221825436265387    -0.279867707551491    
     424  2.12288288288288      -0.0218543750458071    -0.276472766005577    
     425  2.12787787787788      -0.0215340030794042    -0.2731433689473      
     426  2.13287287287287      -0.0212209698579363    -0.269876412817141    
     427  2.13786786786787      -0.0209148640740675    -0.266669049024738    
     428  2.14286286286286      -0.0206153159169015    -0.26351866299425     
     429  2.14785785785786      -0.0203219925128783    -0.260422854495951    
     430  2.15285285285285      -0.0200345938302559    -0.257379419250002    
     431  2.15784784784785      -0.0197528490068403    -0.254386331777809    
     432  2.16284284284284      -0.0194765130631987    -0.251441729467627    
     433  2.16783783783784      -0.0192053639661275    -0.248543897813959    
     434  2.17283283283283      -0.0189392000096349    -0.245691256784639    
     435  2.17782782782783      -0.0186778374831002    -0.242882348265252    
     436  2.18282282282282      -0.0184211085986001    -0.240115824527419    
     437  2.18781781781782      -0.0181688596516086    -0.237390437665442    
     438  2.19281281281281      -0.0179209493913994    -0.234705029944699    
     439  2.19780780780781      -0.0176772475794846    -0.232058525004833    
     440  2.2028028028028       -0.0174376337163112    -0.229449919861172    
     441  2.2077977977978       -0.0172019959182175    -0.226878277648681    
     442  2.21279279279279      -0.0169702299283033    -0.224342721054198    
     443  2.21778778778779      -0.0167422382464184    -0.221842426384448    
     444  2.22278278278278      -0.0165179293648989    -0.219376618219384    
     445  2.22777777777778      -0.0162972170980083    -0.216944564602751    
     446  2.23277277277277      -0.0160800199942547    -0.21454557272416     
     447  2.23776776776777      -0.0158662608218735    -0.212178985049585    
     448  2.24276276276276      -0.0156558661187874    -0.209844175859779    
     449  2.24775775775776      -0.0154487657992866    -0.207540548158746    
     450  2.25275275275275      -0.0152448928105191    -0.205267530917065    
     451  2.25774774774775      -0.015044182832649     -0.203024576617372    
     452  2.26274274274274      -0.0148465740172358    -0.200811159071868    
     453  2.26773773773774      -0.0146520067590114    -0.198626771484114    
     454  2.27273273273273      -0.0144604234967968    -0.196470924729658    
     455  2.27772772772773      -0.0142717685398033    -0.194343145832302    
     456  2.28272272272272      -0.0140859879160141    -0.192242976614815    
     457  2.28771771771772      -0.0139030292397486    -0.190169972504922    
     458  2.29271271271271      -0.0137228415958638    -0.188123701479163    
     459  2.29770770770771      -0.0135453754383741    -0.186103743128964    
     460  2.3027027027027       -0.0133705825015442    -0.184109687834787    
     461  2.3076976976977       -0.0131984157217673    -0.182141136035712    
     462  2.31269269269269      -0.0130288291687546    -0.180197697583106    
     463  2.31768768768769      -0.0128617779847609    -0.17827899116828     
     464  2.32268268268268      -0.0126972183307357    -0.1763846438151      
     465  2.32767767767768      -0.0125351073384457    -0.174514290429584    
     466  2.33267267267267      -0.012375403067736     -0.172667573399364    
     467  2.33766766766767      -0.01221806446822      -0.170844142236774    
     468  2.34266266266266      -0.0120630513447804    -0.169043653260017    
     469  2.34765765765766      -0.0119103243263542    -0.167265769307557    
     470  2.35265265265265      -0.0117598448375458    -0.165510159481464    
     471  2.35764764764765      -0.0116115750726816    -0.163776498915964    
     472  2.36264264264264      -0.0114654779719697    -0.162064468567931    
     473  2.36763763763764      -0.0113215171994828    -0.16037375502645     
     474  2.37263263263263      -0.0111796571227181    -0.158704050338981    
     475  2.37762762762763      -0.0110398627935284    -0.157055051851946    
     476  2.38262262262262      -0.0109020999302467    -0.155426462063873    
     477  2.38761761761762      -0.0107663349008527    -0.153817988489462    
     478  2.39261261261261      -0.0106325347070544    -0.152229343533175    
     479  2.39760760760761      -0.0105006669691741    -0.15066024437113     
     480  2.4026026026026       -0.0103706999117468    -0.149110412840257    
     481  2.4075975975976       -0.0102426023497517    -0.147579575333811    
     482  2.41259259259259      -0.0101163436754094    -0.146067462702471    
     483  2.41758758758759      -0.00999189384548811   -0.14457381016035     
     484  2.42258258258258      -0.00986922336906953   -0.143098357195366    
     485  2.42757757757758      -0.00974830329573351   -0.141640847483456    
     486  2.43257257257257      -0.00962910520412539   -0.140201028806237    
     487  2.43756756756757      -0.00951160119087609   -0.13877865297175     
     488  2.44256256256256      -0.00939576385984865   -0.137373475737962    
     489  2.44755755755756      -0.00928156631168885   -0.135985256738796    
     490  2.45255255255255      -0.00916898213366058   -0.134613759412429    
     491  2.45754754754755      -0.00905798538974899   -0.133258750931687    
     492  2.46254254254254      -0.00894855061101705   -0.131920002136368    
     493  2.46753753753754      -0.00884065278620231   -0.130597287467339    
     494  2.47253253253253      -0.00873426735254283   -0.1292903849023      
     495  2.47752752752753      -0.00862937018682222   -0.127999075893101    
     496  2.48252252252252      -0.00852593759662462   -0.126723145304511    
     497  2.48751751751752      -0.00842394631179186   -0.125462381354389    
     498  2.49251251251251      -0.00832337347607534   -0.124216575555145    
     499  2.49750750750751      -0.00822419663897601   -0.122985522656474    
     500  2.5025025025025       -0.0081263937477665    -0.12176902058927     
     501  2.5074974974975       -0.00802994313968966   -0.120566870410705    
     502  2.51249249249249      -0.00793482353432827   -0.119378876250407    
     503  2.51748748748749      -0.00784101402614122   -0.118204845257711    
     504  2.52248248248248      -0.00774849407716137   -0.117044587549946    
     505  2.52747747747748      -0.00765724350985096   -0.115897916161723    
     506  2.53247247247247      -0.00756724250011026   -0.114764646995206    
     507  2.53746746746747      -0.00747847157043579   -0.113644598771317    
     508  2.54246246246246      -0.00739091158322415   -0.112537592981884    
     509  2.54745745745746      -0.00730454373421808   -0.111443453842673    
     510  2.55245245245245      -0.00721934954609105   -0.11036200824731     
     511  2.55744744744745      -0.00713531086216742   -0.109293085722057    
     512  2.56244244244244      -0.00705240984027459   -0.108236518381431    
     513  2.56743743743744      -0.00697062894672433   -0.107192140884639    
     514  2.57243243243243      -0.00688995095042006   -0.106159790392821    
     515  2.57742742742743      -0.0068103589170874    -0.105139306527077    
     516  2.58242242242242      -0.00673183620362495   -0.104130531327265    
     517  2.58741741741742      -0.0066543664525726    -0.103133309211551    
     518  2.59241241241241      -0.00657793358669487   -0.102147486936697    
     519  2.59740740740741      -0.00650252180367635   -0.101172913559076    
     520  2.6024024024024       -0.00642811557092709   -0.100209440396395    
     521  2.6073973973974       -0.00635469962049503   -0.0992569209901099   
     522  2.61239239239239      -0.00628225894408357   -0.098315211068525    
     523  2.61738738738739      -0.00621077878817142   -0.0973841685105587   
     524  2.62238238238238      -0.00614024464923285   -0.096463653310165    
     525  2.62737737737738      -0.00607064226905582   -0.0955535275413959   
     526  2.63237237237237      -0.00600195763015609   -0.0946536553240943   
     527  2.63736736736737      -0.00593417695128483   -0.0937639027902024   
     528  2.64236236236236      -0.00586728668302802   -0.092884138050678    
     529  2.64735735735736      -0.00580127350349535   -0.0920142311630018   
     530  2.65235235235235      -0.00573612431409683   -0.0911540540992685   
     531  2.65734734734735      -0.00567182623540496   -0.0903034807148479   
     532  2.66234234234234      -0.00560836660310089   -0.089462386717607    
     533  2.66733733733734      -0.00554573296400241   -0.0886306496376797   
     534  2.67233233233233      -0.00548391307217217   -0.0878081487977772   
     535  2.67732732732733      -0.00542289488510435   -0.0869947652840247   
     536  2.68232232232232      -0.00536266655998802   -0.086190381917318    
     537  2.68731731731732      -0.00530321645004556   -0.0853948832251879   
     538  2.69231231231231      -0.00524453310094445   -0.0846081554141626   
     539  2.69730730730731      -0.00518660524728093   -0.0838300863426208   
     540  2.7023023023023       -0.00512942180913391   -0.0830605654941229   
     541  2.7072972972973       -0.00507297188868763   -0.0822994839512147   
     542  2.71229229229229      -0.0050172447669215    -0.0815467343696915   
     543  2.71728728728729      -0.00496222990036589   -0.0808022109533161   
     544  2.72228228228228      -0.00490791691792215   -0.0800658094289808   
     545  2.72727727727728      -0.00485429561774576   -0.0793374270223062   
     546  2.73227227227227      -0.00480135596419105   -0.0786169624336667   
     547  2.73726726726727      -0.00474908808481633   -0.0779043158146369   
     548  2.74226226226226      -0.00469748226744794   -0.0771993887448489   
     549  2.74725725725726      -0.00464652895730222   -0.0765020842092548   
     550  2.75225225225225      -0.00459621875416393   -0.075812306575784    
     551  2.75724724724725      -0.00454654240962005   -0.0751299615733919   
     552  2.76224224224224      -0.00449749082434771   -0.0744549562704872   
     553  2.76723723723724      -0.00444905504545521   -0.0737871990537375   
     554  2.77223223223223      -0.00440122626387487   -0.0731265996072388   
     555  2.77722722722723      -0.00435399581180667   -0.0724730688920484   
     556  2.78222222222222      -0.0043073551602117    -0.0718265191260706   
     557  2.78721721721722      -0.00426129591635416   -0.0711868637642892   
     558  2.79221221221221      -0.00421580982139111   -0.0705540174793425   
     559  2.79720720720721      -0.00417088874800882   -0.069927896142431    
     560  2.8022022022022       -0.00412652469810482   -0.0693084168045546   
     561  2.8071971971972       -0.00408270980051462   -0.0686954976780718   
     562  2.81219219219219      -0.00403943630878224   -0.0680890581185744   
     563  2.81718718718719      -0.00399669659897362   -0.0674890186070735   
     564  2.82218218218218      -0.00395448316753196   -0.06689530073249     
     565  2.82717717717718      -0.00391278862917416   -0.0663078271744427   
     566  2.83217217217217      -0.00387160571482754   -0.0657265216863323   
     567  2.83716716716717      -0.00383092726960593   -0.065151309078711    
     568  2.84216216216216      -0.00379074625082437   -0.0645821152029368   
     569  2.84715715715716      -0.0037510557260516    -0.0640188669351038   
     570  2.85215215215215      -0.00371184887119956   -0.0634614921602461   
     571  2.85714714714715      -0.00367311896864911   -0.0629099197568083   
     572  2.86214214214214      -0.00363485940541135   -0.0623640795813795   
     573  2.86713713713714      -0.00359706367132355   -0.0618239024536836   
     574  2.87213213213213      -0.00355972535727935   -0.0612893201418243   
     575  2.87712712712713      -0.0035228381534921    -0.0607602653477771   
     576  2.88212212212212      -0.00348639584779105   -0.0602366716931263   
     577  2.88711711711712      -0.0034503923239495    -0.0597184737050401   
     578  2.89211211211211      -0.00341482156004426   -0.0592056068024823   
     579  2.89710710710711      -0.00337967762684591   -0.058698007282654    
     580  2.9021021021021       -0.00334495468623909   -0.0581956123076613   
     581  2.9070970970971       -0.00331064698967233   -0.057698359891407    
     582  2.91209209209209      -0.00327674887663674   -0.0572061888866994   
     583  2.91708708708709      -0.00324325477317303   -0.0567190389725768   
     584  2.92208208208208      -0.0032101591904062    -0.0562368506418414   
     585  2.92707707707708      -0.0031774567231075    -0.0557595651888014   
     586  2.93207207207207      -0.00314514204828294   -0.0552871246972147   
     587  2.93706706706707      -0.00311320992378791   -0.054819472028434    
     588  2.94206206206206      -0.00308165518696743   -0.0543565508097462   
     589  2.94705705705706      -0.00305047275332131   -0.0538983054229046   
     590  2.95205205205205      -0.00301965761519407   -0.0534446809928506   
     591  2.95704704704705      -0.00298920484048872   -0.0529956233766203   
     592  2.96204204204204      -0.00295910957140427   -0.0525510791524336   
     593  2.96703703703704      -0.00292936702319629   -0.0521109956089627   
     594  2.97203203203203      -0.00289997248296013   -0.0516753207347754   
     595  2.97702702702703      -0.00287092130843636   -0.051244003207952    
     596  2.98202202202202      -0.00284220892683798   -0.0508169923858718   
     597  2.98701701701702      -0.00281383083369893   -0.0503942382951652   
     598  2.99201201201201      -0.00278578259174358   -0.0499756916218309   
     599  2.99700700700701      -0.00275805982977662   -0.0495613037015124   
     600  3.002002002002        -0.00273065824159317   -0.0491510265099336   
     601  3.006996996997        -0.00270357358490849   -0.0487448126534887   
     602  3.01199199199199      -0.00267680168030705   -0.0483426153599852   
     603  3.01698698698699      -0.00265033841021056   -0.0479443884695357   
     604  3.02198198198198      -0.00262417971786451   -0.0475500864255976   
     605  3.02697697697698      -0.00259832160634293   -0.0471596642661568   
     606  3.03197197197197      -0.00257276013757105   -0.0467730776150536   
     607  3.03696696696697      -0.0025474914313654    -0.0463902826734479   
     608  3.04196196196196      -0.00252251166449107   -0.0460112362114215   
     609  3.04695695695696      -0.00249781706973587   -0.0456358955597151   
     610  3.05195195195195      -0.00247340393500087   -0.0452642186015974   
     611  3.05694694694695      -0.00244926860240726   -0.0448961637648642   
     612  3.06194194194194      -0.00242540746741896   -0.0445316900139656   
     613  3.06693693693694      -0.00240181697798083   -0.0441707568422581   
     614  3.07193193193193      -0.00237849363367223   -0.0438133242643805   
     615  3.07692692692693      -0.00235543398487537   -0.0434593528087506   
     616  3.08192192192192      -0.00233263463195851   -0.0431088035101813   
     617  3.08691691691692      -0.00231009222447346   -0.0427616379026137   
     618  3.09191191191191      -0.00228780346036726   -0.0424178180119648   
     619  3.09690690690691      -0.00226576508520764   -0.0420773063490889   
     620  3.1019019019019       -0.0022439738914222    -0.0417400659028495   
     621  3.1068968968969       -0.00222242671755074   -0.0414060601333006   
     622  3.11189189189189      -0.00220112044751082   -0.0410752529649753   
     623  3.11688688688689      -0.0021800520098761    -0.04074760878028     
     624  3.12188188188188      -0.00215921837716719   -0.0404230924129914   
     625  3.12687687687688      -0.00213861656515501   -0.0401016691418573   
     626  3.13187187187187      -0.00211824363217606   -0.0397833046842951   
     627  3.13686686686687      -0.00209809667845973   -0.0394679651901904   
     628  3.14186186186186      -0.00207817284546721   -0.039155617235792    
     629  3.14685685685686      -0.00205846931524182   -0.0388462278177018   
     630  3.15185185185185      -0.00203898330977062   -0.0385397643469581   
     631  3.15684684684685      -0.00201971209035699   -0.0382361946432112   
     632  3.16184184184184      -0.002000652957004     -0.0379354869289891   
     633  3.16683683683684      -0.00198180324780843   -0.0376376098240521   
     634  3.17183183183183      -0.00196316033836522   -0.0373425323398344   
     635  3.17682682682683      -0.00194472164118201   -0.0370502238739724   
     636  3.18182182182182      -0.00192648460510386   -0.0367606542049163   
     637  3.18681681681682      -0.00190844671474766   -0.0364737934866254   
     638  3.19181181181181      -0.00189060548994632   -0.0361896122433448   
     639  3.19680680680681      -0.00187295848520234   -0.0359080813644626   
     640  3.2018018018018       -0.00185550328915069   -0.0356291720994452   
     641  3.2067967967968       -0.0018382375240309    -0.035352856052851    
     642  3.21179179179179      -0.00182115884516799   -0.0350791051794202   
     643  3.21678678678679      -0.00180426494046228   -0.0348078917792387   
     644  3.22178178178178      -0.00178755352988775   -0.0345391884929773   
     645  3.22677677677678      -0.00177102236499898   -0.034272968297202    
     646  3.23177177177177      -0.00175466922844629   -0.0340092044997564   
     647  3.23676676676677      -0.00173849193349914   -0.0337478707352138   
     648  3.24176176176176      -0.00172248832357746   -0.0334889409603985   
     649  3.24675675675676      -0.00170665627179091   -0.0332323894499753   
     650  3.25175175175175      -0.00169099368048586   -0.0329781907921043   
     651  3.25674674674675      -0.00167549848079988   -0.0327263198841632   
     652  3.26174174174174      -0.00166016863222381   -0.0324767519285328   
     653  3.26673673673674      -0.00164500212217096   -0.032229462428446    
     654  3.27173173173173      -0.00162999696555369   -0.0319844271839003   
     655  3.27672672672673      -0.00161515120436686   -0.0317416222876299   
     656  3.28172172172172      -0.0016004629072783    -0.0315010241211402   
     657  3.28671671671672      -0.00158593016922604   -0.0312626093507999   
     658  3.29171171171171      -0.00157155111102223   -0.0310263549239929   
     659  3.29670670670671      -0.00155732387896361   -0.0307922380653265   
     660  3.3017017017017       -0.00154324664444836   -0.0305602362728971   
     661  3.3066966966967       -0.00152931760359935   -0.0303303273146108   
     662  3.31169169169169      -0.00151553497689358   -0.0301024892245593   
     663  3.31668668668669      -0.00150189700879762   -0.029876700299449    
     664  3.32168168168168      -0.00148840196740917   -0.0296529390950837   
     665  3.32667667667668      -0.00147504814410441   -0.0294311844228984   
     666  3.33167167167167      -0.00146183385319116   -0.0292114153465458   
     667  3.33666666666667      -0.00144875743156767   -0.0289936111785318   
     668  3.34166166166166      -0.00143581723838702   -0.0287777514769011   
     669  3.34665665665666      -0.00142301165472701   -0.0285638160419722   
     670  3.35165165165165      -0.00141033908326534   -0.0283517849131193   
     671  3.35664664664665      -0.00139779794796015   -0.0281416383656027   
     672  3.36164164164164      -0.0013853866937357    -0.0279333569074442   
     673  3.36663663663664      -0.00137310378617319   -0.0277269212763496   
     674  3.37163163163163      -0.0013609477112065    -0.0275223124366756   
     675  3.37662662662663      -0.00134891697482294   -0.0273195115764411   
     676  3.38162162162162      -0.00133701010276876   -0.0271185001043814   
     677  3.38661661661662      -0.00132522564025947   -0.026919259647047    
     678  3.39161161161161      -0.00131356215169474   -0.0267217720459425   
     679  3.39660660660661      -0.00130201822037793   -0.0265260193547087   
     680  3.4016016016016       -0.00129059244824014   -0.0263319838363444   
     681  3.4065965965966       -0.00127928345556863   -0.0261396479604695   
     682  3.41159159159159      -0.00126808988073962   -0.0259489944006268   
     683  3.41658658658659      -0.00125701037995533   -0.025760006031623    
     684  3.42158158158158      -0.00124604362698525   -0.0255726659269083   
     685  3.42657657657658      -0.0012351883129115    -0.0253869573559936   
     686  3.43157157157157      -0.00122444314587824   -0.0252028637819049   
     687  3.43656656656657      -0.00121380685084512   -0.0250203688586737   
     688  3.44156156156156      -0.00120327816934454   -0.0248394564288645   
     689  3.44655655655656      -0.00119285585924283   -0.0246601105211368   
     690  3.45155155155155      -0.00118253869450519   -0.0244823153478421   
     691  3.45654654654655      -0.00117232546496432   -0.0243060553026558   
     692  3.46154154154154      -0.00116221497609275   -0.0241313149582422   
     693  3.46653653653654      -0.00115220604877867   -0.0239580790639528   
     694  3.47153153153153      -0.00114229751910539   -0.0237863325435582   
     695  3.47652652652653      -0.00113248823813417   -0.0236160604930111   
     696  3.48152152152152      -0.00112277707169054   -0.0234472481782416   
     697  3.48651651651652      -0.00111316290015388   -0.0232798810329838   
     698  3.49151151151151      -0.00110364461825034   -0.023113944656633    
     699  3.49650650650651      -0.00109422113484902   -0.0229494248121332   
     700  3.5015015015015       -0.00108489137276126   -0.0227863074238942   
     701  3.5064964964965       -0.00107565426854313   -0.0226245785757387   
     702  3.51149149149149      -0.0010665087723009    -0.0224642245088773   
     703  3.51648648648649      -0.00105745384749963   -0.0223052316199129   
     704  3.52148148148148      -0.00104848847077467   -0.0221475864588729   
     705  3.52647647647648      -0.00103961163174609   -0.0219912757272679   
     706  3.53147147147147      -0.00103082233283597   -0.0218362862761795   
     707  3.53646646646647      -0.00102211958908854   -0.0216826051043733   
     708  3.54146146146146      -0.00101350242799308   -0.0215302193564387   
     709  3.54645645645646      -0.00100496988930954   -0.0213791163209549   
     710  3.55145145145145      -0.000996521024896815  -0.0212292834286818   
     711  3.55644644644645      -0.000988154898543754  -0.0210807082507772   
     712  3.56144144144144      -0.000979870585802641  -0.020933378497037    
     713  3.56643643643644      -0.000971667173825305  -0.0207872820141617   
     714  3.57143143143143      -0.000963543761201709  -0.0206424067840455   
     715  3.57642642642643      -0.00095549945780101   -0.02049874092209     
     716  3.58142142142142      -0.000947533384615035  -0.0203562726755402   
     717  3.58641641641642      -0.000939644673604163  -0.0202149904218444   
     718  3.59141141141141      -0.00093183246754552   -0.0200748826670363   
     719  3.59640640640641      -0.000924095919883506  -0.0199359380441394   
     720  3.6014014014014       -0.00091643419458258   -0.019798145311593    
     721  3.6063963963964       -0.000908846465982273  -0.0196614933517004   
     722  3.61139139139139      -0.000901331918654393  -0.0195259711690977   
     723  3.61638638638639      -0.0008938897472624    -0.0193915678892443   
     724  3.62138138138138      -0.000886519156422889  -0.0192582727569335   
     725  3.62637637637638      -0.000879219360569166  -0.0191260751348231   
     726  3.63137137137137      -0.000871989583816869  -0.0189949645019873   
     727  3.63636636636637      -0.000864829059831628  -0.0188649304524866   
     728  3.64136136136136      -0.000857737031698687  -0.0187359626939588   
     729  3.64635635635636      -0.000850712751794497  -0.0186080510462277   
     730  3.65135135135135      -0.00084375548166022   -0.0184811854399319   
     731  3.65634634634635      -0.000836864491877131  -0.0183553559151711   
     732  3.66134134134134      -0.000830039061943875  -0.0182305526201714   
     733  3.66633633633634      -0.000823278480155559  -0.0181067658099685   
     734  3.67133133133133      -0.000816582043484633  -0.0179839858451083   
     735  3.67632632632633      -0.000809949057463557  -0.0178622031903657   
     736  3.68132132132132      -0.000803378836069196  -0.0177414084134797   
     737  3.68631631631632      -0.000796870701608938  -0.0176215921839063   
     738  3.69131131131131      -0.000790423984608493  -0.0175027452715879   
     739  3.69630630630631      -0.000784038023701353  -0.0173848585457387   
     740  3.7013013013013       -0.000777712165519888  -0.0172679229736475   
     741  3.7062962962963       -0.000771445764588039  -0.017151929619495    
     742  3.71129129129129      -0.000765238183215601  -0.0170368696431881   
     743  3.71628628628629      -0.000759088791394054  -0.0169227342992092   
     744  3.72128128128128      -0.00075299696669393   -0.0168095149354811   
     745  3.72627627627628      -0.000746962094163677  -0.0166972029922463   
     746  3.73127127127127      -0.000740983566230017  -0.0165857900009623   
     747  3.73626626626627      -0.00073506078259975   -0.0164752675832106   
     748  3.74126126126126      -0.000729193150163     -0.0163656274496204   
     749  3.74625625625626      -0.000723380082897868  -0.016256861398807    
     750  3.75125125125125      -0.00071762100177648   -0.0161489613163235   
     751  3.75624624624625      -0.000711915334672397  -0.0160419191736268   
     752  3.76124124124124      -0.000706262516269376  -0.0159357270270572   
     753  3.76623623623624      -0.000700661987971451  -0.0158303770168312   
     754  3.77123123123123      -0.000695113197814317  -0.0157258613660477   
     755  3.77622622622623      -0.000689615600378003  -0.0156221723797073   
     756  3.78122122122122      -0.000684168656700802  -0.0155193024437442   
     757  3.78621621621622      -0.000678771834194447  -0.0154172440240711   
     758  3.79121121121121      -0.000673424606560504  -0.0153159896656364   
     759  3.79620620620621      -0.000668126453707985  -0.0152155319914937   
     760  3.8012012012012       -0.000662876861672121  -0.0151158637018834   
     761  3.8061961961962       -0.000657675322534329  -0.0150169775733268   
     762  3.81119119119119      -0.000652521334343306  -0.0149188664577307   
     763  3.81618618618619      -0.000647414401037266  -0.0148215232815053   
     764  3.82118118118118      -0.000642354032367284  -0.0147249410446921   
     765  3.82617617617618      -0.000637339743821739  -0.0146291128201043   
     766  3.83117117117117      -0.000632371056551829  -0.0145340317524769   
     767  3.83616616616617      -0.000627447497298163  -0.0144396910576297   
     768  3.84116116116116      -0.000622568598318374  -0.0143460840216389   
     769  3.84615615615616      -0.000617733897315785  -0.0142532040000215   
     770  3.85115115115115      -0.00061294293736907   -0.0141610444169286   
     771  3.85614614614615      -0.000608195266862929  -0.0140695987643497   
     772  3.86114114114114      -0.000603490439419728  -0.0139788606013278   
     773  3.86613613613614      -0.000598828013832117  -0.0138888235531832   
     774  3.87113113113113      -0.0005942075539966    -0.0137994813107486   
     775  3.87612612612613      -0.000589628628848034  -0.0137108276296131   
     776  3.88112112112112      -0.00058509081229506   -0.0136228563293764   
     777  3.88611611611612      -0.000580593683156438  -0.0135355612929122   
     778  3.89111111111111      -0.000576136825098279  -0.013448936465641    
     779  3.89610610610611      -0.000571719826572152  -0.0133629758548126   
     780  3.9011011011011       -0.000567342280754073  -0.0132776735287968   
     781  3.9060960960961       -0.000563003785484328  -0.0131930236163842   
     782  3.91109109109109      -0.000558703943208162  -0.0131090203060953   
     783  3.91608608608609      -0.000554442360917268  -0.013025657845498    
     784  3.92108108108108      -0.000550218650092119  -0.0129429305405348   
     785  3.92607607607608      -0.000546032426645086  -0.0128608327548573   
     786  3.93107107107107      -0.000541883310864357  -0.0127793589091699   
     787  3.93606606606607      -0.000537770927358627  -0.0126985034805815   
     788  3.94106106106106      -0.000533694905002563  -0.0126182610019655   
     789  3.94605605605606      -0.000529654876883022  -0.0125386260613273   
     790  3.95105105105105      -0.000525650480246014  -0.012459593301181    
     791  3.95604604604605      -0.000521681356444399  -0.0123811574179324   
     792  3.96104104104104      -0.000517747150886301  -0.0123033131612706   
     793  3.96603603603604      -0.000513847512984245  -0.0122260553335673   
     794  3.97103103103103      -0.000509982096104982  -0.0121493787892832   
     795  3.97602602602603      -0.000506150557520015  -0.0120732784343818   
     796  3.98102102102102      -0.000502352558356793  -0.011997749225751    
     797  3.98601601601602      -0.00049858776355059   -0.0119227861706316   
     798  3.99101101101101      -0.000494855841797031  -0.0118483843260524   
     799  3.99600600600601      -0.000491156465505272  -0.0117745387982736   
     800  4.001001001001        -0.000487489310751821  -0.0117012447422355   
     801  4.005995995996        -0.000483854057234994  -0.0116284973610155   
     802  4.01099099099099      -0.000480250388229978  -0.0115562919052908   
     803  4.01598598598599      -0.000476677990544526  -0.0114846236728084   
     804  4.02098098098098      -0.000473136554475237  -0.0114134880078611   
     805  4.02597597597598      -0.000469625773764441  -0.0113428803007704   
     806  4.03097097097097      -0.000466145345557668  -0.0112727959873754   
     807  4.03596596596597      -0.000462694970361684  -0.0112032305485286   
     808  4.04096096096096      -0.000459274352003114  -0.011134179509597    
     809  4.04595595595596      -0.000455883197587601  -0.01106563843997     
     810  4.05095095095095      -0.000452521217459539  -0.0109976029525733   
     811  4.05594594594595      -0.000449188125162334  -0.0109300687033884   
     812  4.06094094094094      -0.000445883637399206  -0.0108630313909783   
     813  4.06593593593594      -0.000442607473994518  -0.0107964867560185   
     814  4.07093093093093      -0.000439359357855627  -0.0107304305808347   
     815  4.07592592592593      -0.000436139014935242  -0.010664858688945    
     816  4.08092092092092      -0.000432946174194295  -0.0105997669446085   
     817  4.08591591591592      -0.000429780567565294  -0.0105351512523787   
     818  4.09091091091091      -0.000426641929916188  -0.0104710075566632   
     819  4.09590590590591      -0.000423529999014696  -0.010407331841288    
     820  4.1009009009009       -0.00042044451549312   -0.010344120129067    
     821  4.1058958958959       -0.000417385222813625  -0.0102813684813776   
     822  4.11089089089089      -0.000414351867233985  -0.0102190729977405   
     823  4.11588588588589      -0.000411344197773782  -0.0101572298154051   
     824  4.12088088088088      -0.000408361966181047  -0.0100958351089395   
     825  4.12587587587588      -0.000405404926899358  -0.0100348850898259   
     826  4.13087087087087      -0.00040247283703536   -0.00997437600606045  
     827  4.13586586586587      -0.000399565456326725  -0.00991430414175817  
     828  4.14086086086086      -0.000396682547110526  -0.00985466581676254  
     829  4.14585585585586      -0.000393823874292038  -0.00979545738625973  
     830  4.15085085085085      -0.000390989205313943  -0.00973667524039743  
     831  4.15584584584585      -0.000388178310125947  -0.00967831580390839  
     832  4.16084084084084      -0.000385390961154787  -0.00962037553573821  
     833  4.16583583583584      -0.000382626933274643  -0.00956285092867778  
     834  4.17083083083083      -0.000379886003777934  -0.00950573850900003  
     835  4.17582582582583      -0.00037716795234649   -0.00944903483610097  
     836  4.18082082082082      -0.000374472561023116  -0.00939273650214503  
     837  4.18581581581582      -0.000371799614183511  -0.00933684013171462  
     838  4.19081081081081      -0.000369148898508569  -0.00928134238146382  
     839  4.19580580580581      -0.000366520202957027  -0.00922623993977612  
     840  4.2008008008008       -0.000363913318738487  -0.00917152952642642  
     841  4.2057957957958       -0.000361328039286768  -0.00911720789224673  
     842  4.21079079079079      -0.000358764160233624  -0.00906327181879603  
     843  4.21578578578579      -0.000356221479382785  -0.00900971811803391  
     844  4.22078078078078      -0.000353699796684357  -0.00895654363199819  
     845  4.22577577577578      -0.000351198914209529  -0.00890374523248612  
     846  4.23077077077077      -0.000348718636125623  -0.00885131982073951  
     847  4.23576576576577      -0.000346258768671464  -0.00879926432713346  
     848  4.24076076076076      -0.000343819120133067  -0.00874757571086883  
     849  4.24575575575576      -0.000341399500819632  -0.00869625095966815  
     850  4.25075075075075      -0.000338999723039856  -0.00864528708947527  
     851  4.25574574574575      -0.000336619601078548  -0.00859468114415837  
     852  4.26074074074074      -0.000334258951173539  -0.00854443019521654  
     853  4.26573573573574      -0.000331917591492898  -0.00849453134148971  
     854  4.27073073073073      -0.000329595342112426  -0.00844498170887201  
     855  4.27572572572573      -0.000327292024993455  -0.00839577845002839  
     856  4.28072072072072      -0.000325007463960917  -0.00834691874411462  
     857  4.28571571571572      -0.000322741484681702  -0.0082983997965005   
     858  4.29071071071071      -0.000320493914643286  -0.00825021883849624  
     859  4.29570570570571      -0.000318264583132633  -0.00820237312708203  
     860  4.3007007007007       -0.000316053321215372  -0.00815485994464079  
     861  4.3056956956957       -0.000313859961715226  -0.00810767659869396  
     862  4.31069069069069      -0.000311684339193716  -0.00806082042164028  
     863  4.31568568568569      -0.000309526289930113  -0.0080142887704977   
     864  4.32068068068068      -0.000307385651901645  -0.00796807902664818  
     865  4.32567567567568      -0.000305262264763962  -0.00792218859558543  
     866  4.33067067067067      -0.000303155969831838  -0.00787661490666556  
     867  4.33566566566567      -0.000301066610060121  -0.00783135541286063  
     868  4.34066066066066      -0.000298994030024927  -0.0077864075905149   
     869  4.34565565565566      -0.000296938075905065  -0.00774176893910406  
     870  4.35065065065065      -0.000294898595463699  -0.00769743698099699  
     871  4.35564564564565      -0.000292875438030235  -0.00765340926122042  
     872  4.36064064064064      -0.00029086845448245   -0.00760968334722622  
     873  4.36563563563564      -0.000288877497228825  -0.00756625682866127  
     874  4.37063063063063      -0.000286902420191116  -0.00752312731714007  
     875  4.37562562562563      -0.000284943078787132  -0.00748029244601981  
     876  4.38062062062062      -0.000282999329913737  -0.00743774987017809  
     877  4.38561561561562      -0.000281071031930056  -0.00739549726579312  
     878  4.39061061061061      -0.0002791580446409    -0.00735353233012644  
     879  4.39560560560561      -0.000277260229280384  -0.00731185278130802  
     880  4.4006006006006       -0.000275377448495764  -0.00727045635812388  
     881  4.4055955955956       -0.000273509566331463  -0.00722934081980604  
     882  4.41059059059059      -0.000271656448213303  -0.00718850394582495  
     883  4.41558558558559      -0.000269817960932927  -0.00714794353568405  
     884  4.42058058058058      -0.000267993972632417  -0.00710765740871688  
     885  4.42557557557558      -0.000266184352789103  -0.00706764340388628  
     886  4.43057057057057      -0.000264388972200557  -0.007027899379586    
     887  4.43556556556557      -0.000262607702969775  -0.00698842321344439  
     888  4.44056056056056      -0.000260840418490538  -0.00694921280213039  
     889  4.44555555555556      -0.000259086993432956  -0.00691026606116164  
     890  4.45055055055055      -0.000257347303729196  -0.00687158092471481  
     891  4.45554554554555      -0.000255621226559369  -0.00683315534543789  
     892  4.46054054054054      -0.000253908640337607  -0.00679498729426476  
     893  4.46553553553554      -0.0002522094246983    -0.0067570747602317   
     894  4.47053053053053      -0.00025052346048251   -0.00671941575029601  
     895  4.47552552552553      -0.000248850629724543  -0.00668200828915658  
     896  4.48052052052052      -0.000247190815638689  -0.00664485041907652  
     897  4.48551551551552      -0.000245543902606126  -0.00660794019970769  
     898  4.49051051051051      -0.000243909776161981  -0.00657127570791729  
     899  4.49550550550551      -0.000242288322982547  -0.0065348550376162   
     900  4.5005005005005       -0.000240679430872659  -0.00649867629958935  
     901  4.5054954954955       -0.000239082988753222  -0.00646273762132793  
     902  4.51049049049049      -0.00023749888664889   -0.00642703714686342  
     903  4.51548548548549      -0.000235927015675897  -0.00639157303660348  
     904  4.52048048048048      -0.000234367268030029  -0.00635634346716965  
     905  4.52547547547548      -0.000232819536974751  -0.0063213466312368   
     906  4.53047047047047      -0.000231283716829467  -0.00628658073737437  
     907  4.53546546546547      -0.000229759702957932  -0.00625204400988936  
     908  4.54046046046046      -0.000228247391756795  -0.00621773468867102  
     909  4.54545545545546      -0.000226746680644289  -0.00618365102903722  
     910  4.55045045045045      -0.000225257468049044  -0.00614979130158258  
     911  4.55544544544545      -0.000223779653399052  -0.00611615379202817  
     912  4.56044044044044      -0.000222313137110747  -0.00608273680107289  
     913  4.56543543543544      -0.000220857820578228  -0.00604953864424647  
     914  4.57043043043043      -0.000219413606162607  -0.00601655765176405  
     915  4.57542542542543      -0.000217980397181484  -0.00598379216838242  
     916  4.58042042042042      -0.00021655809789855   -0.00595124055325766  
     917  4.58541541541542      -0.000215146613513309  -0.00591890117980452  
     918  4.59041041041041      -0.000213745850150929  -0.00588677243555714  
     919  4.59540540540541      -0.000212355714852215  -0.00585485272203148  
     920  4.6004004004004       -0.000210976115563688  -0.00582314045458899  
     921  4.6053953953954       -0.0002096069611278    -0.00579163406230201  
     922  4.61039039039039      -0.000208248161273256  -0.00576033198782043  
     923  4.61538538538539      -0.000206899626605447  -0.00572923268723987  
     924  4.62038038038038      -0.000205561268597004  -0.00569833462997131  
     925  4.62537537537538      -0.000204232999578464  -0.00566763629861201  
     926  4.63037037037037      -0.000202914732729037  -0.00563713618881798  
     927  4.63536536536537      -0.000201606382067493  -0.00560683280917763  
     928  4.64036036036036      -0.000200307862443153  -0.00557672468108696  
     929  4.64535535535536      -0.00019901908952698   -0.00554681033862595  
     930  4.65035035035035      -0.000197739979802786  -0.00551708832843633  
     931  4.65534534534535      -0.000196470450558532  -0.00548755720960067  
     932  4.66034034034034      -0.000195210419877737  -0.00545821555352273  
     933  4.66533533533534      -0.000193959806630989  -0.00542906194380911  
     934  4.67033033033033      -0.000192718530467544  -0.00540009497615212  
     935  4.67532532532533      -0.00019148651180704   -0.00537131325821395  
     936  4.68032032032032      -0.000190263671831295  -0.00534271540951208  
     937  4.68531531531532      -0.00018904993247621   -0.00531430006130579  
     938  4.69031031031031      -0.000187845216423754  -0.00528606585648404  
     939  4.69530530530531      -0.00018664944709406   -0.00525801144945444  
     940  4.7003003003003       -0.000185462548637598  -0.00523013550603338  
     941  4.7052952952953       -0.000184284445927447  -0.00520243670333743  
     942  4.71029029029029      -0.000183115064551654  -0.0051749137296757   
     943  4.71528528528528      -0.000181954330805682  -0.00514756528444358  
     944  4.72028028028028      -0.000180802171684948  -0.00512039007801739  
     945  4.72527527527528      -0.000179658514877444  -0.00509338683165024  
     946  4.73027027027027      -0.000178523288756445  -0.00506655427736898  
     947  4.73526526526526      -0.000177396422373303  -0.0050398911578722   
     948  4.74026026026026      -0.000176277845450321  -0.00501339622642934  
     949  4.74525525525526      -0.000175167488373713  -0.00498706824678085  
     950  4.75025025025025      -0.00017406528218664   -0.00496090599303936  
     951  4.75524524524524      -0.000172971158582332  -0.00493490824959191  
     952  4.76024024024024      -0.000171885049897287  -0.00490907381100322  
     953  4.76523523523524      -0.000170806889104545  -0.00488340148191999  
     954  4.77023023023023      -0.000169736609807043  -0.00485789007697608  
     955  4.77522522522522      -0.000168674146231047  -0.00483253842069882  
     956  4.78022022022022      -0.000167619433219656  -0.00480734534741623  
     957  4.78521521521522      -0.000166572406226381  -0.00478230970116522  
     958  4.79021021021021      -0.000165533001308799  -0.00475743033560069  
     959  4.7952052052052       -0.00016450115512228   -0.00473270611390569  
     960  4.8002002002002       -0.000163476804913782  -0.00470813590870238  
     961  4.8051951951952       -0.00016245988851572   -0.00468371860196403  
     962  4.81019019019019      -0.000161450344339905  -0.00465945308492783  
     963  4.81518518518519      -0.000160448111371549  -0.00463533825800867  
     964  4.82018018018018      -0.000159453129163343  -0.00461137303071379  
     965  4.82517517517518      -0.000158465337829593  -0.0045875563215583   
     966  4.83017017017017      -0.000157484678040437  -0.00456388705798158  
     967  4.83516516516517      -0.000156511091016113  -0.00454036417626455  
     968  4.84016016016016      -0.0001555445185213    -0.00451698662144777  
     969  4.84515515515516      -0.000154584902859522  -0.00449375334725039  
     970  4.85015015015015      -0.000153632186867612  -0.00447066331598997  
     971  4.85514514514515      -0.000152686313910245  -0.00444771549850304  
     972  4.86014014014014      -0.000151747227874523  -0.00442490887406654  
     973  4.86513513513514      -0.00015081487316463   -0.00440224243032006  
     974  4.87013013013013      -0.000149889194696544  -0.00437971516318884  
     975  4.87512512512513      -0.000148970137892804  -0.00435732607680759  
     976  4.88012012012012      -0.000148057648677344  -0.00433507418344506  
     977  4.88511511511512      -0.000147151673470378  -0.00431295850342942  
     978  4.89011011011011      -0.000146252159183345  -0.00429097806507434  
     979  4.89510510510511      -0.000145359053213913  -0.00426913190460587  
     980  4.9001001001001       -0.000144472303441033  -0.00424741906609007  
     981  4.9050950950951       -0.000143591858220053  -0.00422583860136129  
     982  4.91009009009009      -0.000142717666377886  -0.00420438956995131  
     983  4.91508508508509      -0.000141849677208229  -0.00418307103901911  
     984  4.92008008008008      -0.000140987840466841  -0.00416188208328133  
     985  4.92507507507507      -0.000140132106366863  -0.0041408217849435   
     986  4.93007007007007      -0.000139282425574204  -0.00411988923363196  
     987  4.93506506506507      -0.000138438749202966  -0.00409908352632639  
     988  4.94006006006006      -0.000137601028810928  -0.00407840376729314  
     989  4.94505505505505      -0.000136769216395074  -0.00405784906801908  
     990  4.95005005005005      -0.000135943264387175  -0.00403741854714629  
     991  4.95504504504505      -0.000135123125649416  -0.00401711133040725  
     992  4.96004004004004      -0.000134308753470078  -0.00399692655056079  
     993  4.96503503503503      -0.000133500101559257  -0.00397686334732861  
     994  4.97003003003003      -0.00013269712404464   -0.00395692086733248  
     995  4.97502502502503      -0.000131899775467324  -0.00393709826403206  
     996  4.98002002002002      -0.000131108010777678  -0.00391739469766334  
     997  4.98501501501501      -0.000130321785331256  -0.00389780933517765  
     998  4.99001001001001      -0.000129541054884752  -0.00387834135018139  
     999  4.99500500500501      -0.000128765775591995  -0.00385898992287623  
    1000  5                     -0.000127995904        -0.00383975424        
